buy,0,0,33,150.00,-4970.00
buy,0,1,33,150.00,-4970.00
buy,0,2,33,150.00,-4970.00
buy,0,3,33,150.00,-4970.00
buy,0,4,33,150.00,-4970.00
buy,0,5,33,150.00,-4970.00
buy,0,6,33,150.00,-4970.00
buy,0,7,33,150.00,-4970.00
buy,0,8,33,150.00,-4970.00
buy,0,9,33,150.00,-4970.00
buy,0,10,33,150.00,-4970.00
buy,0,11,33,150.00,-4970.00
buy,0,12,33,150.00,-4970.00
buy,0,13,33,150.00,-4970.00
buy,0,14,33,150.00,-4970.00
buy,0,15,33,150.00,-4970.00
buy,0,16,33,150.00,-4970.00
buy,0,17,33,150.00,-4970.00
buy,0,18,33,150.00,-4970.00
buy,0,19,33,150.00,-4970.00
buy,0,20,33,150.00,-4970.00
buy,0,21,33,150.00,-4970.00
buy,0,22,33,150.00,-4970.00
buy,0,23,33,150.00,-4970.00
buy,0,24,33,150.00,-4970.00
buy,0,25,33,150.00,-4970.00
buy,0,26,33,150.00,-4970.00
buy,0,27,33,150.00,-4970.00
buy,0,28,33,150.00,-4970.00
buy,0,29,33,150.00,-4970.00
sell,52,0,33,112.90,3705.76
buy,476,0,69.0,72.09,-4994.13
sell,612,0,69.0,67.90,4665.15
buy,741,0,67.0,73.98,-4976.74
sell,829,0,67.0,44.49,2961.05
buy,845,0,39.0,126.95,-4970.90
sell,996,0,39.0,108.68,4218.41
buy,1160,0,45.0,110.33,-4984.88
sell,1302,0,45.0,100.42,4499.11
buy,52,1,27.0,182.69,-4952.66
sell,173,1,60.0,163.29,9777.27
buy,312,1,29.0,171.14,-4983.00
sell,575,1,29.0,170.07,4911.94
buy,644,1,24.0,203.42,-4902.16
sell,892,1,24.0,231.46,5535.02
buy,1133,1,24.0,200.55,-4833.29
sell,1284,1,24.0,190.27,4546.45
buy,1336,1,25.0,196.54,-4933.42
sell,1485,1,25.0,184.05,4581.23
buy,1702,1,29.0,166.82,-4857.76
sell,1793,1,29.0,145.14,4188.96
sell,51,2,33,134.48,4417.74
buy,180,2,31.0,159.45,-4963.09
sell,299,2,31.0,92.22,2838.74
buy,64,3,30.0,164.44,-4953.12
sell,205,3,63.0,152.84,9608.90
buy,275,3,30.0,164.93,-4967.99
sell,442,3,30.0,165.52,4945.72
buy,516,3,29.0,167.79,-4885.93
sell,573,3,29.0,161.60,4666.43
buy,630,3,26.0,188.96,-4932.84
sell,848,3,26.0,221.02,5726.61
buy,973,3,23.0,211.73,-4889.71
sell,993,3,23.0,205.11,4697.63
buy,1040,3,16.0,305.84,-4913.51
sell,1236,3,16.0,278.87,4441.96
buy,1285,3,16.0,307.75,-4944.02
sell,1430,3,16.0,302.86,4825.79
buy,1723,3,17.0,278.98,-4762.66
sell,51,4,33,136.04,4469.22
buy,137,4,35.0,141.74,-4980.75
sell,194,4,35.0,109.55,3814.40
buy,321,4,38.0,130.79,-4990.16
sell,391,4,38.0,99.01,3742.24
buy,570,4,46.0,107.23,-4952.74
sell,1255,4,46.0,317.71,14594.56
buy,1477,4,17.0,282.26,-4818.40
sell,1620,4,17.0,281.42,4764.21
buy,1660,4,16.0,301.84,-4849.39
sell,1697,4,16.0,276.92,4410.69
sell,52,5,33,132.25,4344.38
buy,205,5,34.0,145.25,-4958.37
sell,385,5,34.0,135.71,4594.14
buy,513,5,31.0,157.56,-4904.26
sell,675,5,31.0,138.27,4266.50
buy,725,5,31.0,157.63,-4906.50
sell,775,5,31.0,99.43,3062.28
buy,885,5,38.0,130.66,-4985.04
sell,1013,5,38.0,116.69,4414.13
buy,1257,5,112.0,44.18,-4967.82
sell,1258,5,112.0,45.29,5052.33
buy,1328,5,72.0,68.98,-4986.55
sell,1489,5,72.0,55.75,3993.95
buy,1712,5,123.0,40.21,-4965.30
sell,1821,5,123.0,19.19,2340.14
sell,63,6,33,146.25,4806.16
buy,146,6,32.0,151.36,-4863.66
sell,359,6,32.0,94.95,3018.30
buy,53,7,31.0,159.27,-4957.45
sell,375,7,64.0,184.19,11768.18
buy,497,7,23.0,213.88,-4939.34
sell,681,7,23.0,240.38,5508.77
buy,1151,7,29.0,167.47,-4876.65
sell,1559,7,29.0,251.42,7271.27
buy,1688,7,19.0,250.82,-4785.56
sell,51,8,33,143.39,4711.96
buy,63,8,35.0,140.36,-4932.73
sell,82,8,35.0,137.85,4804.91
buy,133,8,31.0,159.51,-4964.82
sell,302,8,31.0,123.72,3815.33
sell,74,9,33,159.34,5238.37
buy,79,9,30.0,161.22,-4856.58
sell,219,9,30.0,171.44,5123.09
buy,345,9,25.0,196.77,-4939.33
sell,517,9,25.0,212.52,5293.04
buy,526,9,22.0,218.77,-4832.96
sell,573,9,22.0,194.48,4258.56
buy,816,9,33.0,148.91,-4934.19
sell,884,9,33.0,127.88,4200.17
buy,1104,9,43.0,113.53,-4901.89
sell,1177,9,43.0,91.27,3904.79
buy,1278,9,45.0,109.37,-4941.66
sell,1334,9,45.0,97.23,4355.44
buy,1712,9,127.0,38.94,-4965.57
sell,51,10,33,127.69,4193.87
buy,246,10,47.0,104.32,-4922.88
sell,333,10,47.0,87.04,4071.07
buy,371,10,41.0,119.16,-4905.64
sell,524,10,41.0,96.47,3935.33
buy,671,10,39.0,124.52,-4876.09
sell,842,10,39.0,69.09,2674.62
buy,1011,10,62.0,79.46,-4946.78
sell,1096,10,62.0,64.25,3963.34
buy,1173,10,63.0,77.96,-4931.74
sell,1280,10,63.0,60.12,3767.70
buy,1353,10,56.0,88.20,-4959.45
sell,1631,10,56.0,102.26,5706.53
buy,55,11,31.0,160.55,-4997.16
sell,114,11,64.0,155.47,9930.06
buy,122,11,30.0,162.20,-4886.06
sell,190,11,30.0,141.97,4238.96
buy,248,11,28.0,177.83,-4999.27
sell,414,11,28.0,178.27,4971.69
buy,670,11,32.0,154.88,-4976.25
sell,729,11,32.0,140.68,4481.67
buy,906,11,28.0,172.97,-4863.14
sell,1188,11,28.0,222.21,6201.84
buy,1478,11,25.0,195.59,-4909.81
sell,1516,11,25.0,175.46,4366.43
buy,1710,11,25.0,193.61,-4860.35
sell,1761,11,25.0,146.83,3650.71
sell,51,12,33,134.77,4427.55
sell,65,13,33,138.20,4540.57
buy,171,13,27.0,180.87,-4903.52
sell,350,13,27.0,200.39,5390.63
buy,450,13,22.0,217.21,-4798.52
sell,511,13,22.0,212.21,4648.73
buy,515,13,22.0,217.63,-4807.88
sell,543,13,22.0,178.83,3914.29
buy,670,13,23.0,209.57,-4840.16
sell,906,13,23.0,214.01,4902.31
buy,1279,13,33.0,148.59,-4923.57
sell,1557,13,33.0,179.02,5887.70
sell,52,14,33,133.75,4393.71
buy,252,14,29.0,168.70,-4912.39
sell,392,14,29.0,125.89,3630.90
buy,650,14,86.0,57.29,-4947.15
sell,962,14,86.0,40.84,3491.95
buy,64,15,32.0,152.94,-4913.94
sell,104,15,65.0,149.02,9666.34
buy,133,15,34.0,145.62,-4971.07
sell,152,15,34.0,131.84,4462.46
buy,196,15,33.0,148.98,-4936.47
sell,234,15,33.0,140.86,4628.32
buy,279,15,33.0,147.67,-4893.02
sell,292,15,33.0,134.08,4404.63
buy,373,15,32.0,153.19,-4922.02
sell,625,15,32.0,138.93,4425.84
buy,692,15,31.0,160.31,-4989.57
sell,836,15,31.0,155.54,4801.75
buy,924,15,29.0,168.52,-4907.19
sell,1095,15,29.0,151.05,4360.52
buy,1512,15,54.0,91.57,-4964.81
sell,1658,15,54.0,82.79,4450.73
buy,1776,15,45.0,109.58,-4951.24
sell,75,16,33,162.51,5342.76
buy,77,16,31.0,159.38,-4960.80
sell,135,16,31.0,155.20,4791.29
buy,164,16,22.0,220.09,-4862.03
sell,370,16,22.0,277.08,6075.72
buy,457,16,16.0,295.61,-4749.72
sell,791,16,16.0,361.57,5765.15
buy,809,16,13.0,381.07,-4973.96
sell,867,16,13.0,343.49,4445.37
buy,998,16,12.0,389.99,-4699.92
sell,1199,16,12.0,412.46,4929.47
buy,1279,16,11.0,441.14,-4872.53
sell,1411,16,11.0,412.44,4516.86
buy,1459,16,10.0,476.38,-4783.82
sell,1625,16,10.0,446.51,4445.07
buy,1653,16,10.0,494.53,-4965.32
buy,51,17,31.0,159.58,-4966.96
sell,84,17,64.0,122.29,7806.84
buy,195,17,26.0,186.53,-4869.74
sell,533,17,26.0,256.12,6639.22
buy,1018,17,29.0,170.26,-4957.61
sell,1263,17,29.0,182.94,5285.38
buy,1700,17,48.0,103.19,-4973.04
buy,68,18,30.0,161.76,-4872.84
sell,240,18,63.0,155.33,9766.02
buy,332,18,29.0,167.17,-4867.92
sell,371,18,29.0,151.32,4368.16
buy,425,18,30.0,164.31,-4949.32
sell,622,18,30.0,162.12,4843.70
buy,783,18,26.0,189.84,-4955.72
sell,1096,18,26.0,264.60,6859.49
buy,1171,18,17.0,277.06,-4730.08
sell,1240,18,17.0,199.15,3365.49
buy,1604,18,33.0,149.19,-4943.24
sell,1635,18,33.0,118.01,3874.37
buy,1745,18,29.0,170.95,-4977.45
buy,71,19,32.0,152.29,-4893.28
sell,95,19,65.0,136.37,8844.08
buy,291,19,42.0,118.23,-4985.59
sell,846,19,42.0,203.16,8512.83
buy,1214,19,34.0,143.11,-4885.63
sell,1311,19,34.0,117.36,3970.40
buy,1348,19,30.0,164.50,-4955.05
sell,1563,19,30.0,175.96,5258.68
buy,1713,19,26.0,189.05,-4935.17
sell,52,20,33,131.54,4320.80
buy,156,20,38.0,129.19,-4929.34
sell,311,20,38.0,133.66,5059.21
buy,401,20,32.0,151.30,-4861.59
sell,529,20,32.0,140.67,4481.30
buy,814,20,76.0,64.96,-4956.93
sell,822,20,76.0,61.38,4645.07
buy,971,20,67.0,73.50,-4944.18
sell,1339,20,67.0,133.01,8891.52
buy,1619,20,46.0,105.98,-4895.05
buy,52,21,28.0,171.99,-4835.78
sell,136,21,61.0,162.27,9878.33
buy,193,21,26.0,186.21,-4861.38
sell,739,21,26.0,314.40,8154.36
buy,967,21,15.0,314.62,-4739.37
sell,1639,21,15.0,458.10,6851.54
buy,1754,21,10.0,468.53,-4705.27
sell,64,22,33,133.87,4397.77
buy,282,22,30.0,160.71,-4841.21
sell,458,22,30.0,156.73,4681.80
buy,653,22,35.0,141.17,-4960.82
sell,1205,22,35.0,212.93,7432.71
sell,51,23,33,130.95,4301.36
buy,304,23,54.0,90.99,-4933.22
sell,354,23,54.0,71.42,3836.77
buy,52,24,24.0,203.21,-4896.97
sell,134,24,57.0,160.33,9118.62
buy,291,24,29.0,167.26,-4870.65
sell,458,24,29.0,173.56,5013.16
buy,521,24,24.0,204.44,-4926.48
sell,564,24,24.0,158.62,3786.86
buy,781,24,36.0,136.69,-4940.95
sell,862,24,36.0,119.46,4280.69
buy,997,24,38.0,130.08,-4963.11
sell,1061,24,38.0,119.79,4532.02
buy,1101,24,35.0,140.39,-4933.81
sell,1140,24,35.0,88.84,3089.47
buy,1211,24,30.0,162.59,-4897.75
sell,1392,24,30.0,158.74,4742.10
buy,1450,24,24.0,205.72,-4957.16
sell,1718,24,24.0,212.61,5082.53
sell,53,25,33,140.62,4620.58
buy,139,25,32.0,151.47,-4867.07
sell,306,25,32.0,159.54,5085.29
buy,326,25,24.0,200.77,-4838.56
sell,693,25,24.0,265.28,6346.68
buy,877,25,18.0,266.32,-4813.70
sell,1019,25,18.0,264.35,4738.29
buy,1112,25,15.0,325.80,-4906.96
buy,51,26,31.0,157.57,-4904.79
sell,109,26,64.0,146.75,9372.24
buy,429,26,48.0,102.37,-4933.66
sell,873,26,48.0,235.53,11285.65
buy,941,26,19.0,251.17,-4792.29
sell,1000,26,19.0,232.40,4395.58
buy,1134,26,17.0,285.74,-4877.56
sell,1572,26,17.0,284.50,4816.50
buy,51,27,30.0,163.04,-4911.11
sell,359,27,63.0,198.09,12459.82
buy,485,27,22.0,219.06,-4839.26
sell,750,27,22.0,319.98,7019.54
buy,868,27,15.0,328.25,-4943.76
sell,899,27,15.0,303.24,4528.62
buy,1128,27,15.0,314.20,-4732.94
sell,1258,27,15.0,304.51,4547.71
buy,1326,27,14.0,336.78,-4734.98
sell,1461,27,14.0,331.51,4621.10
buy,51,28,27.0,180.81,-4901.96
sell,186,28,60.0,155.99,9339.65
buy,633,28,73.0,67.86,-4973.82
sell,687,28,73.0,50.11,3638.26
buy,708,28,94.0,52.78,-4981.05
sell,734,28,94.0,35.00,3269.75
buy,875,28,100.0,49.57,-4976.73
sell,54,29,33,133.59,4388.42
buy,273,29,40.0,121.60,-4883.83
sell,512,29,40.0,105.78,4211.09
buy,715,29,71.0,69.79,-4975.15
sell,825,29,71.0,60.61,4283.13
sell,1824,3,17.0,299.88,5077.97
sell,1824,7,19.0,320.13,6062.44
sell,1824,9,127.0,128.00,16236.06
sell,1824,15,45.0,84.17,3767.45
sell,1824,16,10.0,542.01,5400.05
sell,1824,17,48.0,230.05,11022.31
sell,1824,18,29.0,165.88,4790.39
sell,1824,19,26.0,200.77,5199.95
sell,1824,20,46.0,153.35,7034.31
sell,1824,21,10.0,469.60,4676.04
sell,1824,25,15.0,578.07,8651.03
