buy,0,0,33,150.00,-4970.00
buy,0,1,33,150.00,-4970.00
buy,0,2,33,150.00,-4970.00
buy,0,3,33,150.00,-4970.00
buy,0,4,33,150.00,-4970.00
buy,0,5,33,150.00,-4970.00
buy,0,6,33,150.00,-4970.00
buy,0,7,33,150.00,-4970.00
buy,0,8,33,150.00,-4970.00
buy,0,9,33,150.00,-4970.00
buy,0,10,33,150.00,-4970.00
buy,0,11,33,150.00,-4970.00
buy,0,12,33,150.00,-4970.00
buy,0,13,33,150.00,-4970.00
buy,0,14,33,150.00,-4970.00
buy,0,15,33,150.00,-4970.00
buy,0,16,33,150.00,-4970.00
buy,0,17,33,150.00,-4970.00
buy,0,18,33,150.00,-4970.00
buy,0,19,33,150.00,-4970.00
buy,72,0,33.0,148.56,-4922.38
sell,89,0,66.0,134.06,8827.80
buy,188,0,33.0,147.41,-4884.64
sell,334,0,33.0,132.61,4356.12
buy,384,0,31.0,160.46,-4994.30
sell,483,0,31.0,146.90,4533.82
buy,549,0,33.0,149.09,-4939.83
sell,575,0,33.0,123.04,4040.22
buy,740,0,47.0,105.58,-4982.39
sell,783,0,47.0,82.01,3834.52
buy,1008,0,75.0,65.85,-4958.89
sell,1103,0,75.0,48.02,3581.29
buy,1283,0,59.0,83.79,-4963.39
sell,1496,0,59.0,82.27,4833.77
buy,1658,0,59.0,83.20,-4928.62
sell,51,1,33,150.93,4960.85
buy,54,1,33.0,149.99,-4969.79
sell,61,1,33.0,155.97,5126.86
buy,82,1,28.0,177.78,-4997.86
sell,332,1,28.0,193.94,5410.21
buy,423,1,23.0,210.83,-4869.03
sell,659,1,23.0,214.23,4907.25
buy,763,1,18.0,273.03,-4934.49
sell,904,1,18.0,251.33,4503.86
buy,1250,1,26.0,185.17,-4834.43
sell,1483,1,26.0,186.62,4832.14
buy,1588,1,27.0,182.30,-4941.99
sell,1598,1,27.0,174.77,4698.69
buy,1774,1,28.0,175.23,-4926.43
sell,56,2,33,33.81,1095.78
buy,308,2,150.0,33.09,-4982.98
buy,54,3,28.0,173.48,-4877.47
sell,73,3,61.0,95.94,5832.60
buy,52,4,29.0,170.27,-4957.91
sell,132,4,62.0,157.51,9745.85
buy,179,4,29.0,169.69,-4940.87
sell,254,4,29.0,161.48,4662.93
buy,283,4,28.0,171.79,-4830.08
sell,418,4,28.0,171.19,4773.29
buy,514,4,24.0,199.74,-4813.71
sell,688,4,24.0,193.77,4630.48
buy,700,4,18.0,265.24,-4794.23
sell,921,4,18.0,300.82,5394.68
buy,1008,4,14.0,355.39,-4995.40
sell,1213,4,14.0,374.27,5219.73
buy,1255,4,11.0,433.44,-4787.79
sell,1432,4,11.0,439.29,4812.23
buy,1462,4,11.0,444.90,-4913.87
sell,1730,4,11.0,435.87,4774.58
buy,1798,4,10.0,463.81,-4658.06
sell,1820,4,10.0,431.25,4292.52
buy,59,5,31.0,155.75,-4848.10
sell,260,5,64.0,173.07,11056.25
buy,379,5,24.0,201.24,-4849.78
sell,436,5,24.0,164.38,3925.17
buy,743,5,29.0,168.33,-4901.46
sell,1084,5,29.0,321.67,9308.50
buy,1185,5,15.0,327.97,-4939.55
sell,1226,5,15.0,318.43,4756.50
buy,1407,5,14.0,335.11,-4711.48
sell,1492,5,14.0,268.24,3735.30
buy,1659,5,17.0,288.53,-4924.99
sell,1812,5,17.0,283.56,4800.49
buy,52,6,27.0,180.14,-4883.80
sell,123,6,60.0,151.14,9048.38
buy,365,6,34.0,145.66,-4972.46
sell,725,6,34.0,161.54,5472.31
buy,1396,6,77.0,64.12,-4956.87
sell,1612,6,77.0,89.39,6863.37
buy,1712,6,42.0,116.83,-4926.85
sell,1743,6,42.0,83.15,3472.29
sell,60,7,33,142.95,4697.26
buy,91,7,30.0,163.25,-4917.59
sell,204,7,30.0,138.97,4149.02
buy,453,7,47.0,105.32,-4970.11
sell,484,7,47.0,97.99,4585.65
buy,502,7,40.0,123.27,-4950.74
sell,573,7,40.0,51.30,2031.99
sell,64,8,33,137.88,4530.00
buy,101,8,29.0,168.34,-4902.00
sell,140,8,29.0,146.09,4216.47
buy,191,8,21.0,227.39,-4795.14
sell,431,8,21.0,249.91,5228.16
buy,799,8,33.0,148.08,-4906.65
sell,967,8,33.0,70.86,2318.35
buy,1076,8,33.0,146.88,-4867.12
sell,1168,8,33.0,118.37,3886.30
buy,1284,8,35.0,140.55,-4939.08
sell,1347,8,35.0,112.45,3915.65
buy,1479,8,38.0,129.46,-4939.49
sell,1633,8,38.0,130.19,4927.26
buy,1668,8,37.0,134.56,-4998.61
sell,1797,8,37.0,120.97,4455.77
sell,52,9,33,117.41,3854.58
buy,127,9,34.0,143.96,-4914.77
sell,293,9,34.0,133.83,4530.27
buy,345,9,32.0,152.78,-4908.92
sell,574,9,32.0,158.69,5057.96
buy,786,9,42.0,118.54,-4998.52
sell,792,9,42.0,112.56,4707.49
buy,1009,9,48.0,101.87,-4909.69
sell,1341,9,48.0,155.80,7458.32
buy,1481,9,30.0,161.82,-4874.46
sell,1626,9,30.0,148.30,4429.12
buy,51,10,31.0,159.39,-4961.13
sell,177,10,64.0,165.63,10580.34
buy,388,10,46.0,106.58,-4922.45
sell,441,10,46.0,34.78,1579.97
buy,543,10,31.0,157.50,-4902.48
sell,727,10,31.0,103.84,3199.02
buy,783,10,34.0,142.34,-4859.57
sell,1053,10,34.0,163.47,5538.05
buy,1167,10,19.0,251.77,-4803.56
sell,1290,10,19.0,168.26,3176.86
buy,1668,10,108.0,45.73,-4959.05
buy,80,11,34.0,145.72,-4974.41
sell,109,11,67.0,152.58,10202.88
buy,120,11,32.0,152.62,-4903.92
sell,145,11,32.0,140.02,4460.57
buy,222,11,32.0,154.43,-4961.77
sell,326,11,32.0,140.64,4480.34
buy,507,11,27.0,180.12,-4883.30
sell,800,11,27.0,192.68,5182.29
buy,913,11,26.0,190.66,-4977.21
sell,956,11,26.0,208.13,5391.44
buy,958,11,24.0,206.29,-4970.95
sell,1002,11,24.0,189.88,4537.16
buy,1250,11,26.0,189.83,-4955.68
sell,1302,11,26.0,110.84,2861.73
buy,1736,11,174.0,28.48,-4976.24
sell,1774,11,174.0,8.80,1511.27
buy,51,12,32.0,150.97,-4851.03
sell,125,12,65.0,167.33,10856.44
buy,132,12,29.0,167.55,-4878.89
sell,234,12,29.0,152.37,4398.75
buy,616,12,38.0,128.69,-4910.04
sell,785,12,38.0,116.58,4409.92
buy,1010,12,49.0,100.20,-4929.56
sell,1035,12,49.0,94.52,4611.24
buy,1068,12,45.0,108.99,-4924.46
sell,1174,12,45.0,78.35,3505.81
sell,60,13,33,146.67,4820.11
buy,88,13,26.0,186.56,-4870.66
sell,259,13,26.0,194.49,5036.82
buy,371,13,23.0,208.32,-4811.40
sell,483,13,23.0,198.10,4536.37
buy,554,13,25.0,196.42,-4930.62
sell,563,13,25.0,184.36,4589.04
buy,699,13,22.0,216.67,-4786.82
sell,830,13,22.0,173.84,3804.49
buy,944,13,24.0,207.22,-4993.33
sell,1036,13,24.0,160.15,3823.70
buy,1093,13,23.0,212.84,-4915.25
sell,1142,13,23.0,181.47,4153.90
buy,1300,13,24.0,200.52,-4832.48
sell,1629,13,24.0,288.67,6908.18
buy,1733,13,16.0,305.69,-4911.11
sell,1784,13,16.0,258.25,4112.00
buy,52,14,25.0,193.19,-4849.67
sell,107,14,58.0,105.23,6083.36
buy,178,14,27.0,179.89,-4876.94
sell,720,14,27.0,354.07,9539.87
buy,921,14,13.0,361.91,-4724.89
sell,966,14,13.0,347.69,4500.00
buy,1009,14,13.0,368.46,-4809.95
sell,1177,14,13.0,361.00,4673.06
buy,1567,14,18.0,274.22,-4955.91
sell,1684,14,18.0,251.89,4514.09
buy,1741,14,18.0,275.47,-4978.50
sell,1801,14,18.0,258.43,4631.77
buy,1820,14,16.0,308.29,-4952.59
sell,51,15,33,139.07,4569.29
buy,76,15,30.0,161.45,-4863.50
sell,303,15,30.0,151.15,4514.50
sell,51,16,33,129.08,4239.70
sell,51,17,33,138.20,4540.45
buy,58,17,38.0,129.42,-4937.88
sell,61,17,38.0,136.22,5156.21
buy,200,17,36.0,136.91,-4948.85
sell,397,17,36.0,169.65,6087.23
buy,521,17,30.0,163.67,-4929.96
sell,545,17,30.0,166.94,4988.23
buy,865,17,36.0,135.12,-4884.45
sell,1101,17,36.0,151.13,5420.63
buy,1118,17,31.0,155.86,-4851.72
sell,1166,17,31.0,121.56,3748.33
buy,1340,17,40.0,124.14,-4985.55
sell,1473,17,40.0,108.42,4316.89
buy,1512,17,21.0,235.81,-4971.92
sell,1658,17,21.0,184.14,3846.98
buy,1813,17,27.0,183.81,-4982.89
sell,232,18,33,159.06,5229.02
buy,341,18,21.0,232.41,-4900.70
sell,389,18,21.0,90.62,1883.02
buy,486,18,32.0,151.68,-4873.91
sell,678,18,32.0,137.04,4365.24
buy,760,18,30.0,161.19,-4855.73
sell,806,18,30.0,140.23,4186.79
buy,844,18,30.0,164.78,-4963.49
sell,1055,18,30.0,184.72,5521.56
buy,1245,18,33.0,147.12,-4874.97
sell,1437,18,33.0,183.45,6033.89
buy,52,19,27.0,179.90,-4877.33
sell,113,19,60.0,164.63,9857.91
buy,134,19,24.0,206.72,-4981.18
sell,235,19,24.0,175.61,4194.66
buy,414,19,27.0,184.03,-4988.86
sell,459,19,27.0,128.29,3443.79
sell,1824,0,59.0,122.13,7185.81
sell,1824,1,28.0,170.26,4747.24
sell,1824,10,108.0,152.16,16412.88
sell,1824,14,16.0,322.86,5145.77
sell,1824,17,27.0,189.33,5091.83
