buy,0,0,33,150.00,-4970.00
buy,0,1,33,150.00,-4970.00
buy,0,2,33,150.00,-4970.00
buy,0,3,33,150.00,-4970.00
buy,0,4,33,150.00,-4970.00
buy,0,5,33,150.00,-4970.00
buy,0,6,33,150.00,-4970.00
buy,0,7,33,150.00,-4970.00
buy,0,8,33,150.00,-4970.00
buy,0,9,33,150.00,-4970.00
buy,0,10,33,150.00,-4970.00
buy,0,11,33,150.00,-4970.00
buy,0,12,33,150.00,-4970.00
buy,0,13,33,150.00,-4970.00
buy,0,14,33,150.00,-4970.00
buy,0,15,33,150.00,-4970.00
buy,0,16,33,150.00,-4970.00
buy,0,17,33,150.00,-4970.00
buy,0,18,33,150.00,-4970.00
buy,0,19,33,150.00,-4970.00
buy,18,0,35.0,141.11,-4958.97
buy,19,0,35.0,141.73,-4980.50
sell,32,0,103.0,151.88,15623.76
buy,77,0,36.0,136.01,-4916.35
sell,146,0,36.0,129.31,4635.08
buy,240,0,33.0,149.33,-4947.78
buy,241,0,33.0,146.77,-4863.29
buy,242,0,34.0,143.62,-4903.21
buy,243,0,34.0,143.17,-4887.64
buy,244,0,34.0,142.55,-4866.77
buy,245,0,35.0,139.87,-4915.54
buy,246,0,35.0,139.23,-4892.96
sell,255,0,238.0,150.62,35827.76
buy,316,0,34.0,143.52,-4899.64
buy,317,0,34.0,143.52,-4899.58
buy,326,0,37.0,131.74,-4894.36
buy,327,0,37.0,132.30,-4915.21
buy,328,0,37.0,133.01,-4941.28
sell,342,0,179.0,152.05,27196.71
buy,359,0,32.0,152.40,-4896.70
buy,360,0,32.0,152.15,-4888.94
buy,361,0,32.0,151.35,-4863.24
buy,394,0,33.0,148.24,-4911.85
buy,395,0,33.0,148.02,-4904.80
buy,444,0,32.0,153.12,-4919.73
buy,445,0,32.0,151.74,-4875.68
buy,446,0,32.0,151.42,-4865.37
buy,447,0,34.0,146.36,-4996.29
sell,514,0,292.0,151.75,44292.21
buy,572,0,37.0,132.24,-4913.01
buy,573,0,39.0,126.99,-4972.80
buy,574,0,39.0,125.67,-4921.13
buy,575,0,40.0,123.04,-4941.48
buy,576,0,41.0,121.45,-4999.51
buy,577,0,42.0,115.84,-4885.10
buy,578,0,44.0,111.57,-4929.26
buy,579,0,45.0,110.00,-4970.18
buy,580,0,45.0,109.24,-4935.92
buy,581,0,46.0,106.48,-4917.95
buy,582,0,47.0,105.01,-4955.36
buy,583,0,46.0,106.48,-4918.00
sell,591,0,511.0,115.90,59206.77
buy,624,0,60.0,81.77,-4925.98
buy,625,0,58.0,85.08,-4954.48
sell,633,0,118.0,94.94,11182.88
buy,771,0,52.0,94.05,-4910.61
buy,772,0,52.0,95.06,-4963.09
buy,773,0,53.0,93.45,-4973.09
buy,774,0,53.0,93.61,-4981.16
buy,775,0,56.0,87.84,-4939.30
buy,776,0,58.0,84.66,-4930.33
buy,777,0,59.0,83.59,-4952.08
buy,778,0,60.0,82.09,-4945.40
buy,779,0,58.0,84.69,-4932.02
buy,780,0,59.0,83.30,-4934.98
buy,809,0,70.0,70.68,-4967.41
buy,810,0,71.0,69.32,-4941.54
sell,825,0,701.0,80.52,56426.84
buy,867,0,114.0,43.39,-4966.44
buy,868,0,116.0,42.80,-4984.46
sell,886,0,230.0,57.52,13210.12
buy,911,0,83.0,59.95,-4995.54
buy,912,0,82.0,60.42,-4974.16
buy,941,0,87.0,56.91,-4971.25
sell,1014,0,252.0,71.83,18081.23
buy,1146,0,96.0,51.82,-4995.09
buy,1174,0,109.0,45.55,-4984.79
buy,1175,0,106.0,46.65,-4965.01
buy,1176,0,107.0,46.11,-4953.90
buy,1177,0,111.0,44.69,-4980.98
sell,1243,0,529.0,58.28,30807.71
buy,1254,0,107.0,46.19,-4962.70
buy,1255,0,112.0,44.09,-4958.37
buy,1256,0,112.0,44.11,-4960.86
buy,1257,0,116.0,42.60,-4961.04
buy,1258,0,121.0,41.00,-4981.33
buy,1259,0,115.0,43.21,-4988.74
buy,1269,0,142.0,35.01,-4991.40
sell,1276,0,825.0,64.05,52820.80
buy,1356,0,58.0,84.51,-4921.59
sell,1388,0,58.0,100.17,5789.76
buy,1484,0,58.0,85.86,-4999.83
buy,1499,0,62.0,79.39,-4942.18
buy,1500,0,64.0,77.68,-4991.28
buy,1501,0,63.0,78.33,-4954.59
buy,1502,0,63.0,78.17,-4944.51
buy,1503,0,66.0,74.55,-4940.45
buy,1504,0,67.0,74.16,-4988.61
buy,1542,0,70.0,71.11,-4997.81
buy,1543,0,70.0,71.13,-4999.13
sell,1562,0,583.0,72.47,42231.58
buy,1595,0,74.0,66.42,-4934.80
sell,1634,0,74.0,82.81,6107.81
buy,1746,0,53.0,92.99,-4948.22
buy,1747,0,54.0,91.12,-4940.72
buy,1748,0,54.0,90.98,-4933.11
buy,1749,0,54.0,91.59,-4965.86
sell,1758,0,215.0,98.28,21111.12
buy,1780,0,50.0,98.21,-4930.43
buy,1781,0,54.0,90.89,-4928.08
buy,1782,0,57.0,86.19,-4932.66
buy,1783,0,60.0,81.90,-4933.81
buy,1784,0,62.0,79.98,-4978.60
buy,1785,0,64.0,77.75,-4995.83
buy,1786,0,64.0,77.20,-4960.68
buy,1787,0,63.0,78.51,-4966.20
sell,1794,0,474.0,100.49,47610.66
sell,13,1,33,155.21,5101.78
buy,41,1,35.0,139.20,-4891.89
buy,42,1,35.0,140.03,-4921.14
sell,83,1,70.0,176.81,12356.85
buy,124,1,26.0,187.23,-4887.91
buy,125,1,26.0,185.98,-4855.61
buy,126,1,27.0,182.37,-4944.06
buy,127,1,26.0,185.82,-4851.32
sell,165,1,105.0,184.68,19371.79
buy,274,1,24.0,203.55,-4905.27
buy,275,1,24.0,203.49,-4903.85
buy,276,1,24.0,203.18,-4896.23
buy,277,1,24.0,203.01,-4892.28
buy,317,1,27.0,181.97,-4933.14
buy,342,1,27.0,181.53,-4921.24
buy,343,1,27.0,178.98,-4852.40
buy,344,1,28.0,177.44,-4988.19
buy,345,1,27.0,178.00,-4825.88
buy,376,1,30.0,162.88,-4906.26
sell,384,1,262.0,174.96,45819.30
buy,404,1,25.0,196.73,-4938.32
buy,405,1,25.0,197.33,-4953.29
buy,406,1,25.0,195.75,-4913.69
buy,407,1,25.0,194.14,-4873.53
sell,418,1,100.0,206.28,20608.34
buy,588,1,23.0,215.64,-4979.75
buy,589,1,22.0,218.89,-4835.56
sell,596,1,45.0,223.07,10017.96
buy,653,1,23.0,209.63,-4841.51
sell,678,1,23.0,228.03,5224.75
buy,782,1,18.0,269.78,-4876.08
buy,783,1,18.0,268.54,-4853.66
sell,801,1,36.0,276.43,9931.33
buy,864,1,19.0,252.51,-4817.72
buy,865,1,19.0,249.70,-4764.29
sell,901,1,38.0,255.69,9696.31
buy,925,1,22.0,219.48,-4848.56
buy,926,1,23.0,216.35,-4995.98
buy,927,1,23.0,212.97,-4918.28
buy,928,1,23.0,208.09,-4805.99
buy,929,1,23.0,209.60,-4840.84
buy,930,1,23.0,212.43,-4905.98
sell,954,1,137.0,220.76,30224.60
buy,965,1,23.0,209.24,-4832.47
buy,966,1,23.0,209.00,-4827.02
buy,1025,1,25.0,197.29,-4952.15
buy,1026,1,25.0,197.13,-4948.35
buy,1035,1,26.0,190.77,-4980.06
sell,1079,1,122.0,190.07,23168.96
buy,1311,1,28.0,176.86,-4972.02
buy,1312,1,28.0,176.96,-4974.91
buy,1313,1,28.0,174.81,-4914.66
sell,1353,1,84.0,206.24,17303.89
buy,1466,1,25.0,197.77,-4964.13
buy,1467,1,25.0,196.08,-4921.89
buy,1468,1,25.0,195.38,-4904.54
buy,1469,1,25.0,194.87,-4891.68
buy,1470,1,25.0,195.92,-4917.99
buy,1471,1,25.0,194.96,-4893.96
buy,1472,1,25.0,193.81,-4865.35
buy,1507,1,27.0,178.03,-4826.89
buy,1508,1,28.0,176.57,-4963.83
buy,1509,1,28.0,172.88,-4860.74
buy,1510,1,28.0,172.45,-4848.73
buy,1511,1,28.0,174.78,-4913.81
buy,1512,1,28.0,174.21,-4897.95
buy,1513,1,28.0,172.64,-4853.92
buy,1528,1,30.0,163.42,-4922.68
buy,1529,1,30.0,163.70,-4930.94
sell,1535,1,430.0,168.48,72424.26
buy,1589,1,27.0,179.74,-4872.96
buy,1590,1,28.0,176.97,-4975.14
buy,1591,1,28.0,177.15,-4980.08
buy,1592,1,28.0,174.89,-4916.96
buy,1593,1,28.0,172.74,-4856.59
buy,1594,1,28.0,172.40,-4847.32
buy,1595,1,28.0,173.90,-4889.26
buy,1635,1,30.0,164.63,-4959.02
buy,1636,1,30.0,160.97,-4849.24
buy,1637,1,31.0,158.98,-4948.52
buy,1638,1,32.0,155.31,-4990.06
buy,1639,1,31.0,156.39,-4868.04
sell,1677,1,349.0,176.31,61511.95
buy,1704,1,30.0,164.71,-4961.25
buy,1705,1,30.0,164.52,-4955.74
buy,1706,1,30.0,164.30,-4948.99
sell,1743,1,90.0,171.78,15440.47
buy,1772,1,28.0,175.41,-4931.47
buy,1773,1,28.0,173.85,-4887.73
buy,1774,1,28.0,175.23,-4926.43
buy,45,2,44.0,112.36,-4963.82
buy,46,2,48.0,103.69,-4997.28
buy,47,2,53.0,93.25,-4962.06
buy,48,2,60.0,82.26,-4955.35
buy,49,2,70.0,70.43,-4950.15
buy,50,2,84.0,59.14,-4988.02
buy,51,2,97.0,50.98,-4964.82
buy,52,2,119.0,41.56,-4966.13
buy,53,2,142.0,34.94,-4981.15
buy,54,2,146.0,34.05,-4991.18
buy,55,2,154.0,32.29,-4992.66
buy,56,2,147.0,33.81,-4990.30
buy,57,2,157.0,31.71,-4998.61
buy,58,2,152.0,32.68,-4986.81
sell,104,2,1506.0,47.18,71031.95
buy,114,2,140.0,35.54,-4995.14
buy,115,2,157.0,31.56,-4974.96
buy,116,2,166.0,29.84,-4974.22
buy,117,2,167.0,29.78,-4992.59
sell,125,2,630.0,46.04,28986.91
buy,192,2,393.0,12.64,-4988.46
buy,193,2,470.0,10.59,-4996.19
buy,215,2,1236.0,4.03,-4998.62
buy,216,2,1678.0,2.97,-4998.59
buy,217,2,5184.0,0.96,-4999.08
sell,226,2,8961.0,19.03,170529.54
buy,451,2,160.0,31.02,-4983.61
buy,471,2,899.0,5.53,-4994.54
buy,472,2,1327.0,3.75,-4999.74
sell,37,3,33,159.66,5248.63
buy,62,3,38.0,130.81,-4990.62
buy,63,3,39.0,126.11,-4938.14
buy,64,3,42.0,117.15,-4940.41
buy,65,3,45.0,109.26,-4936.54
buy,66,3,45.0,109.65,-4954.44
buy,67,3,46.0,107.06,-4944.67
buy,68,3,46.0,106.59,-4923.33
buy,69,3,47.0,104.20,-4917.46
buy,70,3,48.0,103.49,-4987.46
buy,71,3,49.0,100.06,-4922.97
buy,72,3,50.0,98.14,-4927.09
buy,73,3,51.0,95.94,-4913.15
buy,74,3,53.0,92.73,-4934.80
buy,75,3,54.0,91.40,-4955.79
buy,76,3,55.0,89.17,-4924.54
buy,77,3,53.0,92.27,-4910.54
buy,117,3,70.0,71.12,-4998.65
buy,118,3,71.0,69.76,-4973.22
buy,146,3,79.0,62.40,-4949.92
buy,147,3,83.0,59.62,-4968.69
buy,148,3,84.0,58.64,-4945.71
buy,149,3,85.0,58.29,-4974.41
buy,150,3,90.0,55.20,-4987.58
buy,151,3,88.0,56.51,-4993.17
sell,160,3,1411.0,66.88,94342.62
buy,168,3,96.0,51.67,-4979.85
buy,169,3,112.0,44.32,-4983.60
buy,170,3,141.0,35.07,-4965.14
buy,171,3,184.0,26.94,-4976.54
buy,172,3,301.0,16.49,-4983.64
buy,173,3,468.0,10.63,-4996.34
buy,174,3,3118.0,1.60,-4998.81
sell,11,4,33,153.65,5050.33
buy,33,4,31.0,159.04,-4950.35
sell,47,4,31.0,166.08,5128.54
buy,93,4,29.0,171.25,-4986.35
buy,94,4,29.0,171.66,-4998.19
buy,95,4,29.0,168.41,-4903.92
buy,96,4,30.0,165.93,-4997.94
buy,97,4,30.0,161.90,-4876.87
buy,98,4,30.0,162.82,-4904.70
buy,99,4,30.0,161.68,-4870.44
buy,100,4,31.0,160.61,-4998.80
sell,149,4,238.0,166.74,39664.45
buy,386,4,27.0,179.12,-4856.21
buy,387,4,27.0,178.27,-4833.29
buy,388,4,28.0,175.56,-4935.78
buy,389,4,28.0,174.16,-4896.39
buy,390,4,29.0,171.29,-4987.28
buy,391,4,29.0,168.85,-4916.66
buy,392,4,29.0,170.82,-4973.83
buy,412,4,29.0,167.79,-4885.77
buy,440,4,30.0,163.75,-4932.61
buy,441,4,30.0,161.21,-4856.32
buy,442,4,31.0,159.11,-4952.37
buy,443,4,31.0,157.26,-4894.91
sell,490,4,348.0,187.55,65246.69
buy,528,4,26.0,185.63,-4846.49
buy,529,4,27.0,181.74,-4926.88
buy,530,4,27.0,181.88,-4930.71
buy,531,4,27.0,181.46,-4919.33
sell,572,4,107.0,197.04,21063.12
buy,658,4,25.0,194.13,-4873.22
buy,659,4,25.0,191.69,-4812.23
buy,660,4,25.0,191.76,-4813.98
buy,661,4,25.0,194.28,-4876.88
buy,662,4,25.0,193.23,-4850.81
buy,672,4,26.0,189.32,-4942.37
sell,694,4,151.0,227.53,34336.90
buy,750,4,17.0,288.53,-4925.00
buy,751,4,17.0,286.31,-4887.33
buy,752,4,17.0,286.50,-4890.55
buy,753,4,17.0,285.69,-4876.80
buy,754,4,17.0,287.64,-4909.82
sell,761,4,85.0,293.26,24906.70
buy,863,4,15.0,330.24,-4973.56
buy,864,4,15.0,331.95,-4999.20
buy,865,4,15.0,327.70,-4935.43
buy,866,4,15.0,326.96,-4924.42
buy,901,4,16.0,299.65,-4814.36
buy,902,4,16.0,301.70,-4847.16
buy,903,4,16.0,302.03,-4852.52
buy,904,4,16.0,301.65,-4846.37
sell,934,4,124.0,314.29,38952.05
buy,1138,4,12.0,400.05,-4820.58
buy,1139,4,12.0,396.66,-4779.93
buy,1140,4,12.0,395.56,-4766.77
buy,1141,4,12.0,394.79,-4757.49
buy,1142,4,12.0,394.15,-4749.76
buy,1175,4,12.0,384.14,-4629.71
buy,1176,4,12.0,383.48,-4621.74
buy,1177,4,13.0,382.24,-4989.06
sell,1238,4,97.0,396.24,38415.51
buy,1333,4,11.0,423.17,-4674.82
buy,1334,4,11.0,424.44,-4688.86
sell,1365,4,22.0,447.01,9814.16
buy,1394,4,11.0,440.81,-4868.95
buy,1395,4,11.0,436.66,-4823.24
buy,1396,4,11.0,433.65,-4790.16
buy,1397,4,11.0,430.70,-4757.65
buy,1398,4,11.0,427.29,-4720.16
buy,1399,4,11.0,423.64,-4679.99
buy,1400,4,11.0,419.13,-4630.44
buy,1401,4,12.0,413.94,-4987.23
buy,1402,4,12.0,410.71,-4948.53
buy,1403,4,12.0,411.01,-4952.11
buy,1404,4,12.0,412.52,-4970.20
sell,1420,4,125.0,424.62,53057.45
buy,1557,4,11.0,439.22,-4851.38
sell,1638,4,11.0,471.91,5170.99
buy,1671,4,10.0,473.95,-4759.47
buy,1672,4,10.0,471.46,-4734.64
buy,1673,4,10.0,469.08,-4710.76
buy,1674,4,10.0,468.35,-4703.47
buy,1675,4,10.0,469.22,-4712.19
buy,1676,4,10.0,467.27,-4692.66
buy,1677,4,10.0,466.56,-4685.64
buy,1706,4,11.0,450.21,-4972.26
buy,1707,4,11.0,449.30,-4962.32
buy,1708,4,11.0,446.80,-4934.79
buy,1709,4,11.0,447.25,-4939.73
buy,1710,4,11.0,449.27,-4961.99
buy,1711,4,11.0,447.46,-4942.08
buy,1719,4,11.0,437.01,-4827.12
buy,1741,4,11.0,428.64,-4735.05
buy,1742,4,11.0,429.81,-4747.89
buy,1743,4,11.0,429.78,-4747.55
sell,1752,4,180.0,444.49,79987.60
buy,1812,4,11.0,445.34,-4918.69
buy,1813,4,11.0,442.51,-4887.65
buy,1814,4,11.0,441.24,-4873.69
buy,1815,4,11.0,441.34,-4874.73
buy,1816,4,11.0,438.52,-4843.73
buy,1817,4,11.0,438.75,-4846.25
buy,1818,4,11.0,437.31,-4830.41
buy,1819,4,11.0,433.00,-4783.03
buy,1820,4,11.0,431.25,-4763.77
buy,1821,4,11.0,430.26,-4752.84
buy,1822,4,11.0,429.99,-4749.86
buy,1823,4,11.0,431.43,-4765.76
buy,1824,4,11.0,432.25,-4774.78
buy,27,5,35.0,140.16,-4925.66
buy,28,5,35.0,140.10,-4923.64
sell,35,5,103.0,152.02,15637.73
buy,63,5,33.0,147.62,-4891.48
buy,64,5,33.0,148.28,-4913.11
buy,65,5,33.0,147.95,-4902.27
buy,66,5,33.0,147.01,-4871.38
buy,67,5,33.0,147.57,-4889.78
buy,68,5,34.0,145.49,-4966.62
sell,81,5,199.0,167.52,33316.60
buy,135,5,27.0,184.36,-4997.60
buy,136,5,27.0,183.23,-4967.30
sell,152,5,54.0,192.34,10366.27
buy,166,5,26.0,187.89,-4905.13
buy,197,5,28.0,173.72,-4884.05
buy,252,5,27.0,178.18,-4830.87
buy,253,5,27.0,179.01,-4853.18
buy,254,5,28.0,176.75,-4969.00
buy,255,5,28.0,174.95,-4918.63
buy,256,5,28.0,172.47,-4849.13
buy,267,5,30.0,162.44,-4893.18
buy,268,5,30.0,161.12,-4853.70
sell,292,5,252.0,176.30,44408.08
buy,325,5,31.0,160.31,-4989.71
buy,326,5,31.0,156.68,-4877.00
buy,327,5,33.0,150.43,-4984.03
buy,328,5,32.0,152.45,-4898.46
buy,329,5,31.0,156.36,-4867.27
sell,356,5,158.0,189.03,29846.29
buy,378,5,25.0,198.10,-4972.39
sell,386,5,25.0,207.01,5155.19
buy,392,5,24.0,199.38,-4805.04
buy,393,5,25.0,196.88,-4941.89
buy,394,5,25.0,196.75,-4938.82
buy,395,5,25.0,192.93,-4843.28
buy,396,5,26.0,188.87,-4930.58
buy,397,5,26.0,185.28,-4837.24
buy,398,5,27.0,182.91,-4958.66
buy,399,5,26.0,184.70,-4822.13
buy,400,5,27.0,181.18,-4911.91
buy,401,5,27.0,178.38,-4836.27
buy,421,5,30.0,164.22,-4946.54
buy,422,5,30.0,161.34,-4860.16
buy,423,5,30.0,160.69,-4840.64
buy,424,5,30.0,160.76,-4842.72
buy,425,5,31.0,158.89,-4945.44
buy,426,5,31.0,159.18,-4954.45
buy,427,5,31.0,160.13,-4984.07
buy,474,5,31.0,155.71,-4847.06
buy,475,5,31.0,156.36,-4867.13
buy,476,5,31.0,157.39,-4899.17
sell,498,5,564.0,162.03,91363.41
buy,510,5,32.0,154.10,-4951.28
sell,517,5,32.0,166.74,5315.68
buy,550,5,32.0,150.96,-4850.82
buy,551,5,33.0,150.32,-4980.67
buy,552,5,32.0,153.48,-4931.29
sell,565,5,97.0,153.50,14869.51
buy,676,5,34.0,145.83,-4978.15
buy,689,5,35.0,140.32,-4931.36
buy,690,5,35.0,139.99,-4919.56
buy,691,5,35.0,140.64,-4942.48
sell,862,5,139.0,263.36,36586.82
buy,1016,5,15.0,320.54,-4828.15
buy,1017,5,15.0,319.54,-4813.05
buy,1018,5,15.0,319.79,-4816.91
buy,1019,5,15.0,318.62,-4799.34
buy,1044,5,15.0,319.96,-4819.40
buy,1045,5,15.0,318.97,-4804.60
buy,1108,5,16.0,307.53,-4940.55
sell,1156,5,106.0,325.60,34493.69
buy,1193,5,15.0,315.51,-4752.65
buy,1194,5,15.0,316.29,-4764.42
sell,1321,5,30.0,305.21,9136.15
buy,1331,5,16.0,295.87,-4753.89
buy,1332,5,16.0,295.76,-4752.08
sell,1346,5,32.0,299.55,9565.46
buy,1356,5,17.0,291.35,-4972.87
sell,1369,5,17.0,296.54,5021.15
buy,1444,5,14.0,333.16,-4684.29
buy,1445,5,15.0,330.59,-4978.79
buy,1446,5,15.0,326.59,-4918.90
buy,1447,5,15.0,328.27,-4944.10
buy,1448,5,15.0,325.73,-4905.94
buy,1449,5,15.0,325.58,-4903.64
buy,1450,5,15.0,323.91,-4878.71
buy,1451,5,15.0,324.91,-4893.58
buy,1485,5,17.0,284.22,-4851.77
buy,1486,5,17.0,279.14,-4765.34
buy,1487,5,18.0,273.32,-4939.68
buy,1488,5,18.0,269.78,-4876.01
buy,1489,5,18.0,262.89,-4751.95
buy,1490,5,18.0,265.49,-4798.76
buy,1491,5,18.0,267.25,-4830.58
sell,1548,5,243.0,270.60,65736.93
buy,1610,5,17.0,280.71,-4792.15
sell,1638,5,17.0,286.93,4857.84
buy,1766,5,17.0,287.19,-4902.26
buy,1767,5,17.0,284.99,-4864.75
buy,1818,5,17.0,278.84,-4760.28
buy,1819,5,17.0,279.78,-4776.20
buy,1820,5,17.0,279.09,-4764.60
sell,23,6,33,175.03,5756.02
buy,100,6,29.0,167.51,-4877.76
buy,101,6,30.0,163.55,-4926.53
buy,102,6,30.0,162.54,-4896.33
buy,103,6,30.0,162.80,-4903.97
buy,104,6,30.0,164.13,-4944.03
buy,105,6,30.0,164.02,-4940.62
buy,106,6,30.0,163.07,-4911.96
buy,245,6,33.0,148.92,-4934.36
buy,246,6,33.0,149.01,-4937.40
buy,247,6,33.0,149.63,-4957.88
buy,248,6,34.0,143.64,-4903.87
buy,249,6,34.0,145.21,-4956.99
sell,321,6,376.0,143.86,54069.81
buy,356,6,34.0,142.84,-4876.46
buy,357,6,35.0,142.15,-4995.38
buy,358,6,36.0,138.31,-4999.20
sell,379,6,105.0,156.03,16363.14
buy,558,6,28.0,176.97,-4975.12
buy,559,6,28.0,177.59,-4992.48
buy,560,6,28.0,176.25,-4955.00
sell,583,6,84.0,194.11,16285.37
buy,684,6,24.0,204.34,-4924.23
buy,685,6,24.0,205.81,-4959.50
buy,686,6,24.0,203.94,-4914.54
buy,687,6,24.0,201.07,-4845.69
buy,688,6,24.0,200.07,-4821.67
buy,689,6,24.0,199.33,-4804.00
buy,690,6,25.0,198.78,-4989.54
buy,691,6,25.0,197.58,-4959.41
buy,692,6,24.0,199.50,-4808.08
buy,714,6,27.0,182.68,-4952.47
buy,715,6,27.0,180.89,-4903.94
buy,716,6,28.0,176.28,-4955.83
buy,717,6,28.0,174.87,-4916.35
buy,718,6,28.0,172.59,-4852.50
buy,719,6,29.0,169.08,-4923.20
buy,720,6,29.0,167.29,-4871.49
buy,721,6,30.0,161.67,-4870.23
buy,722,6,31.0,160.33,-4990.19
buy,723,6,30.0,161.27,-4858.21
buy,724,6,30.0,162.50,-4894.89
buy,725,6,30.0,161.54,-4866.15
buy,726,6,31.0,159.59,-4967.39
buy,740,6,33.0,147.51,-4887.79
buy,741,6,33.0,148.28,-4913.36
buy,742,6,34.0,145.37,-4962.64
buy,748,6,35.0,139.67,-4908.56
buy,749,6,36.0,138.20,-4995.32
buy,750,6,36.0,135.78,-4908.06
buy,751,6,36.0,135.03,-4881.08
buy,752,6,37.0,132.52,-4923.42
buy,753,6,37.0,132.05,-4905.93
buy,754,6,38.0,130.14,-4965.37
buy,755,6,39.0,127.16,-4979.28
buy,756,6,38.0,128.62,-4907.44
buy,757,6,39.0,127.17,-4979.81
buy,758,6,39.0,124.73,-4884.63
buy,759,6,40.0,123.83,-4973.20
buy,760,6,40.0,122.80,-4932.18
buy,761,6,40.0,122.50,-4919.87
buy,762,6,41.0,121.27,-4991.88
buy,763,6,41.0,121.08,-4984.17
buy,764,6,41.0,118.97,-4897.76
buy,765,6,42.0,117.75,-4965.51
buy,766,6,42.0,116.36,-4907.16
buy,767,6,42.0,117.32,-4947.35
sell,790,6,1475.0,130.89,193047.98
buy,856,6,43.0,115.11,-4969.72
buy,857,6,43.0,114.97,-4963.74
buy,858,6,43.0,114.09,-4925.71
buy,859,6,44.0,112.37,-4964.16
buy,860,6,44.0,112.93,-4988.84
buy,861,6,44.0,112.37,-4964.36
buy,862,6,44.0,111.95,-4945.84
buy,863,6,45.0,108.99,-4924.48
buy,864,6,45.0,109.09,-4929.18
buy,878,6,56.0,88.33,-4966.35
buy,879,6,54.0,91.36,-4953.25
sell,891,6,505.0,96.81,48869.83
buy,920,6,51.0,95.84,-4907.86
buy,921,6,50.0,97.65,-4902.49
buy,931,6,55.0,90.13,-4977.38
sell,960,6,156.0,104.09,16218.17
buy,979,6,57.0,86.16,-4931.28
buy,980,6,56.0,87.68,-4929.98
buy,1005,6,59.0,84.39,-4999.02
buy,1006,6,59.0,84.32,-4994.82
buy,1007,6,61.0,81.51,-4992.19
buy,1039,6,62.0,79.65,-4958.00
sell,1103,6,354.0,85.86,30374.75
buy,1121,6,61.0,81.60,-4997.40
buy,1122,6,61.0,80.41,-4925.26
buy,1123,6,62.0,79.77,-4965.65
buy,1124,6,62.0,79.08,-4923.23
buy,1125,6,65.0,76.57,-4996.81
buy,1126,6,63.0,78.35,-4955.87
buy,1127,6,64.0,77.04,-4950.30
buy,1147,6,69.0,72.10,-4994.61
buy,1148,6,72.0,68.27,-4935.73
buy,1149,6,75.0,65.97,-4968.09
buy,1150,6,74.0,67.19,-4991.82
buy,1151,6,76.0,65.24,-4978.55
buy,1152,6,74.0,66.45,-4937.20
buy,1221,6,72.0,68.31,-4938.22
buy,1222,6,74.0,67.21,-4993.74
buy,1283,6,104.0,47.53,-4963.49
buy,1284,6,102.0,48.71,-4988.89
sell,1334,6,1230.0,60.52,74423.34
buy,1575,6,50.0,98.70,-4954.76
buy,1576,6,50.0,98.06,-4922.96
buy,1577,6,50.0,97.99,-4919.43
buy,1578,6,51.0,96.36,-4934.43
buy,1579,6,52.0,95.77,-4999.85
buy,1580,6,51.0,96.61,-4947.19
buy,1581,6,52.0,94.83,-4950.93
buy,1582,6,53.0,93.21,-4960.21
buy,1583,6,53.0,92.44,-4919.50
buy,1584,6,55.0,90.37,-4990.46
sell,1694,6,517.0,123.95,64060.51
buy,1709,6,44.0,112.70,-4978.62
buy,1720,6,55.0,89.16,-4923.87
buy,1721,6,56.0,88.73,-4988.91
buy,1722,6,58.0,85.73,-4992.22
buy,1723,6,57.0,86.93,-4975.09
buy,1724,6,56.0,88.40,-4970.57
buy,1725,6,57.0,87.12,-4986.12
buy,1760,6,67.0,73.78,-4963.18
buy,1761,6,67.0,73.94,-4974.05
buy,1820,6,88.0,56.32,-4975.87
buy,1821,6,86.0,57.47,-4962.15
sell,67,7,33,161.43,5307.28
buy,183,7,32.0,151.95,-4882.27
buy,184,7,32.0,152.24,-4891.56
buy,191,7,35.0,139.16,-4890.45
buy,192,7,35.0,141.41,-4969.18
sell,217,7,134.0,142.03,19011.81
buy,246,7,34.0,146.15,-4988.99
buy,261,7,37.0,134.59,-4999.83
buy,262,7,37.0,133.86,-4972.89
sell,269,7,108.0,138.53,14941.53
buy,284,7,41.0,118.66,-4885.04
buy,285,7,43.0,115.50,-4986.55
buy,286,7,43.0,114.96,-4963.09
buy,287,7,43.0,113.87,-4916.32
buy,288,7,43.0,113.51,-4900.73
buy,289,7,44.0,112.59,-4973.92
buy,290,7,45.0,109.31,-4938.93
buy,291,7,45.0,110.05,-4972.34
buy,292,7,45.0,109.78,-4960.25
buy,293,7,45.0,109.32,-4939.51
buy,294,7,46.0,107.80,-4978.89
buy,295,7,47.0,104.99,-4954.70
buy,296,7,47.0,105.33,-4970.49
buy,297,7,49.0,101.27,-4982.31
buy,298,7,49.0,101.41,-4988.95
buy,334,7,49.0,100.11,-4925.20
buy,335,7,50.0,98.45,-4942.28
buy,336,7,52.0,94.91,-4955.51
sell,411,7,826.0,107.85,89064.71
buy,447,7,48.0,102.37,-4933.91
buy,448,7,47.0,104.38,-4926.08
buy,470,7,58.0,85.49,-4978.42
buy,471,7,58.0,85.26,-4965.00
buy,472,7,57.0,86.23,-4935.30
buy,473,7,57.0,86.05,-4924.74
buy,474,7,58.0,85.39,-4972.84
buy,475,7,59.0,84.35,-4996.72
sell,483,7,442.0,96.07,42442.82
buy,555,7,54.0,92.09,-4992.91
buy,556,7,60.0,81.75,-4924.93
buy,557,7,69.0,71.33,-4941.94
buy,558,7,81.0,61.14,-4972.32
buy,559,7,96.0,51.43,-4956.83
buy,560,7,100.0,49.34,-4953.70
buy,561,7,108.0,45.75,-4960.57
buy,562,7,104.0,47.46,-4956.11
buy,563,7,98.0,50.79,-4997.76
sell,604,7,770.0,58.18,44780.55
buy,730,7,94.0,52.60,-4964.59
buy,741,7,345.0,14.43,-4998.08
buy,742,7,612.0,8.13,-4997.44
buy,743,7,137684.0,0.04,-4999.98
sell,13,8,33,162.19,5332.37
buy,61,8,36.0,136.45,-4932.24
buy,62,8,36.0,136.27,-4925.67
buy,63,8,36.0,135.14,-4885.22
sell,71,8,108.0,148.39,16005.80
buy,156,8,37.0,131.27,-4876.88
buy,157,8,38.0,129.75,-4950.40
buy,158,8,38.0,129.81,-4952.80
sell,166,8,113.0,140.91,15903.00
buy,254,8,19.0,258.24,-4926.57
sell,344,8,19.0,262.40,4965.66
buy,368,8,19.0,257.01,-4903.19
sell,389,8,19.0,264.63,5007.89
buy,439,8,21.0,226.48,-4775.98
buy,440,8,22.0,223.77,-4942.98
buy,441,8,22.0,218.14,-4819.17
buy,442,8,23.0,215.56,-4977.86
buy,443,8,23.0,211.39,-4881.91
buy,444,8,24.0,206.53,-4976.66
buy,445,8,24.0,202.86,-4888.75
buy,446,8,24.0,202.04,-4869.04
buy,447,8,24.0,199.55,-4809.11
buy,448,8,25.0,197.09,-4947.14
buy,449,8,25.0,193.40,-4855.09
buy,450,8,25.0,194.80,-4889.94
buy,451,8,25.0,194.53,-4883.24
buy,462,8,27.0,183.58,-4976.69
buy,463,8,27.0,183.57,-4976.51
buy,464,8,27.0,180.59,-4896.05
buy,465,8,27.0,179.64,-4870.27
buy,466,8,28.0,177.79,-4998.21
buy,467,8,27.0,178.21,-4831.79
buy,468,8,29.0,171.05,-4980.43
buy,469,8,30.0,165.71,-4991.38
buy,470,8,30.0,164.13,-4943.80
buy,471,8,30.0,164.17,-4945.07
buy,472,8,30.0,165.46,-4983.69
buy,473,8,30.0,164.77,-4963.01
buy,474,8,30.0,165.35,-4980.35
buy,480,8,31.0,156.14,-4860.19
buy,481,8,32.0,153.02,-4916.76
buy,482,8,33.0,149.58,-4956.09
buy,483,8,33.0,146.63,-4858.89
buy,484,8,33.0,148.94,-4935.12
buy,562,8,28.0,174.45,-4904.66
buy,580,8,28.0,174.32,-4900.97
buy,581,8,29.0,170.83,-4974.11
buy,589,8,31.0,160.17,-4985.29
buy,590,8,31.0,155.64,-4844.80
buy,591,8,31.0,158.85,-4944.39
buy,592,8,32.0,155.17,-4985.51
buy,593,8,32.0,155.47,-4995.19
buy,647,8,36.0,137.59,-4973.30
buy,648,8,37.0,133.33,-4953.15
buy,649,8,37.0,132.25,-4913.12
buy,650,8,38.0,130.75,-4988.38
buy,651,8,37.0,131.06,-4869.33
buy,652,8,37.0,133.57,-4962.12
buy,677,8,39.0,125.06,-4897.39
buy,709,8,42.0,116.94,-4931.29
buy,710,8,42.0,117.01,-4934.57
buy,737,8,43.0,115.40,-4982.11
sell,784,8,1471.0,146.27,215140.37
buy,921,8,31.0,158.11,-4921.51
buy,922,8,31.0,159.31,-4958.46
buy,963,8,44.0,111.40,-4921.77
buy,964,8,50.0,98.17,-4928.27
buy,965,8,57.0,86.91,-4973.70
buy,966,8,69.0,71.20,-4932.73
buy,967,8,70.0,70.86,-4980.13
buy,968,8,67.0,73.90,-4971.51
buy,969,8,66.0,74.74,-4953.16
buy,970,8,67.0,74.10,-4984.54
buy,971,8,66.0,74.33,-4925.82
sell,990,8,618.0,100.72,62226.79
buy,1021,8,41.0,119.34,-4912.79
sell,1042,8,41.0,128.74,5258.20
buy,1104,8,32.0,152.95,-4914.45
buy,1129,8,36.0,138.30,-4998.65
buy,1159,8,43.0,114.50,-4943.39
sell,1241,8,111.0,126.08,13975.10
buy,1303,8,37.0,133.83,-4971.66
buy,1304,8,38.0,130.24,-4969.21
buy,1305,8,37.0,131.90,-4900.43
buy,1364,8,68.0,73.02,-4985.31
buy,1365,8,72.0,68.62,-4960.50
buy,1366,8,78.0,63.82,-4998.05
buy,1367,8,81.0,61.07,-4966.81
buy,1368,8,81.0,61.25,-4981.41
buy,1369,8,79.0,62.53,-4960.01
sell,1382,8,571.0,101.46,57912.00
buy,1404,8,43.0,114.67,-4950.93
buy,1405,8,43.0,115.12,-4969.98
buy,1406,8,44.0,112.92,-4988.28
sell,1497,8,130.0,138.38,17969.90
buy,1767,8,38.0,128.30,-4895.49
buy,1768,8,38.0,128.07,-4886.77
buy,1798,8,40.0,121.83,-4893.28
buy,1799,8,42.0,116.63,-4918.43
buy,1800,8,42.0,117.75,-4965.47
buy,1801,8,43.0,114.56,-4946.11
buy,1802,8,43.0,115.37,-4980.76
sell,5,9,33,158.09,5196.95
buy,21,9,34.0,143.91,-4913.04
buy,22,9,36.0,137.27,-4961.58
buy,23,9,37.0,134.56,-4998.65
buy,24,9,36.0,136.17,-4922.13
buy,25,9,36.0,136.72,-4942.01
buy,26,9,36.0,135.32,-4891.50
buy,37,9,38.0,128.13,-4888.78
buy,55,9,43.0,113.54,-4902.39
buy,56,9,44.0,112.20,-4956.94
buy,57,9,44.0,112.90,-4987.63
buy,58,9,44.0,112.56,-4972.48
sell,88,9,428.0,130.72,55929.02
buy,155,9,36.0,135.58,-4900.82
sell,203,9,36.0,153.51,5506.49
buy,270,9,35.0,141.80,-4983.17
buy,271,9,36.0,136.48,-4933.13
buy,272,9,36.0,138.30,-4998.76
buy,273,9,36.0,136.21,-4923.46
buy,283,9,38.0,128.48,-4902.42
buy,284,9,38.0,127.87,-4879.23
sell,292,9,219.0,135.45,29643.17
buy,445,9,23.0,211.87,-4893.00
buy,446,9,23.0,213.01,-4919.16
buy,447,9,23.0,212.60,-4909.85
sell,453,9,69.0,222.12,15306.23
buy,462,9,23.0,211.52,-4884.93
buy,463,9,23.0,211.91,-4893.85
buy,464,9,23.0,209.46,-4837.56
sell,481,9,69.0,210.96,14536.47
buy,548,9,24.0,202.93,-4890.30
buy,549,9,25.0,196.50,-4932.44
buy,550,9,26.0,191.29,-4993.45
buy,551,9,26.0,190.41,-4970.55
buy,552,9,26.0,185.28,-4837.30
buy,553,9,27.0,182.30,-4942.00
buy,554,9,27.0,181.43,-4918.66
buy,555,9,28.0,174.61,-4908.99
buy,556,9,29.0,170.03,-4950.80
buy,557,9,30.0,165.16,-4974.94
buy,558,9,30.0,164.38,-4951.35
buy,559,9,30.0,164.42,-4952.53
buy,560,9,30.0,165.01,-4970.21
buy,561,9,30.0,164.32,-4949.73
buy,562,9,30.0,164.27,-4948.16
buy,574,9,31.0,158.69,-4939.27
buy,575,9,31.0,158.79,-4942.53
buy,586,9,33.0,149.86,-4965.34
buy,587,9,33.0,150.68,-4992.40
buy,600,9,36.0,138.05,-4989.76
buy,633,9,33.0,148.53,-4921.59
buy,634,9,34.0,145.50,-4967.14
buy,635,9,34.0,144.12,-4920.21
buy,656,9,37.0,131.91,-4900.62
buy,705,9,38.0,127.70,-4872.52
buy,706,9,39.0,125.52,-4915.19
buy,707,9,40.0,124.46,-4998.44
buy,725,9,41.0,119.24,-4908.70
buy,726,9,41.0,119.77,-4930.69
buy,727,9,42.0,117.78,-4966.86
sell,741,9,961.0,124.56,119685.45
buy,784,9,39.0,126.72,-4962.27
buy,785,9,39.0,126.04,-4935.46
buy,786,9,42.0,118.54,-4998.52
buy,787,9,42.0,117.22,-4943.06
buy,788,9,44.0,112.01,-4948.49
buy,789,9,44.0,113.06,-4994.66
buy,790,9,44.0,113.14,-4998.37
buy,791,9,44.0,112.09,-4951.97
buy,792,9,44.0,112.56,-4972.61
buy,793,9,44.0,111.14,-4910.01
sell,835,9,426.0,129.43,55118.82
buy,853,9,47.0,104.04,-4909.96
buy,854,9,49.0,100.43,-4941.05
buy,855,9,52.0,95.73,-4998.21
buy,856,9,53.0,92.92,-4944.97
buy,857,9,55.0,90.39,-4991.65
buy,858,9,58.0,85.32,-4968.50
buy,859,9,64.0,77.35,-4970.68
buy,860,9,62.0,79.13,-4925.77
buy,861,9,63.0,78.53,-4967.70
buy,862,9,62.0,79.97,-4978.42
buy,863,9,62.0,79.07,-4922.34
sell,913,9,627.0,100.10,62739.69
buy,992,9,52.0,95.69,-4995.95
buy,993,9,52.0,94.76,-4947.51
buy,994,9,52.0,93.98,-4906.85
buy,995,9,52.0,93.97,-4906.54
sell,1010,9,208.0,103.43,21492.70
buy,1105,9,44.0,111.12,-4909.26
buy,1106,9,44.0,111.61,-4930.92
sell,1138,9,88.0,144.33,12681.13
buy,1197,9,32.0,154.90,-4976.85
buy,1198,9,32.0,154.37,-4959.81
sell,1217,9,64.0,168.19,10743.88
buy,1224,9,30.0,160.73,-4841.77
buy,1267,9,29.0,167.12,-4866.36
buy,1268,9,29.0,167.53,-4878.48
buy,1269,9,29.0,167.40,-4874.64
buy,1270,9,30.0,164.25,-4947.48
buy,1341,9,31.0,155.80,-4849.75
buy,1342,9,32.0,153.37,-4927.81
buy,1343,9,32.0,151.72,-4874.99
buy,1344,9,32.0,151.14,-4856.55
buy,1345,9,32.0,152.46,-4898.67
buy,1346,9,33.0,150.20,-4976.76
sell,1358,9,339.0,161.08,54586.34
buy,1422,9,32.0,154.58,-4966.70
sell,1512,9,32.0,170.05,5421.55
buy,1596,9,30.0,164.88,-4966.26
buy,1615,9,31.0,157.06,-4888.90
buy,1616,9,31.0,158.26,-4926.03
sell,1699,9,92.0,157.79,14496.62
buy,1726,9,39.0,126.26,-4944.30
buy,1727,9,41.0,121.11,-4985.36
buy,1728,9,42.0,116.71,-4921.93
buy,1729,9,43.0,113.77,-4912.28
buy,1730,9,44.0,112.33,-4962.59
buy,1731,9,46.0,108.16,-4995.27
buy,1732,9,49.0,100.14,-4927.04
buy,1733,9,52.0,94.21,-4918.94
buy,1734,9,52.0,95.10,-4964.98
buy,1735,9,51.0,96.97,-4965.37
buy,1736,9,53.0,93.66,-4983.84
buy,1737,9,55.0,90.04,-4972.32
buy,1738,9,55.0,89.32,-4932.38
sell,1819,9,622.0,137.17,85300.23
sell,99,10,33,179.08,5889.61
buy,120,10,29.0,169.35,-4931.14
buy,121,10,29.0,167.86,-4887.93
buy,122,10,29.0,167.50,-4877.60
buy,147,10,31.0,157.52,-4903.25
sell,174,10,118.0,166.02,19570.14
buy,207,10,35.0,141.42,-4969.77
buy,208,10,35.0,138.55,-4869.11
buy,209,10,37.0,134.31,-4989.56
buy,210,10,38.0,130.85,-4992.32
buy,211,10,40.0,123.49,-4959.44
buy,212,10,39.0,125.66,-4920.66
buy,213,10,39.0,127.04,-4974.55
buy,214,10,39.0,126.07,-4936.74
buy,236,10,61.0,81.16,-4970.67
buy,237,10,61.0,80.81,-4949.29
buy,238,10,60.0,82.42,-4964.90
buy,239,10,62.0,79.78,-4966.46
buy,248,10,94.0,52.50,-4954.62
buy,249,10,93.0,53.34,-4980.88
buy,250,10,89.0,55.89,-4993.98
buy,281,10,100.0,49.48,-4967.79
buy,319,10,151.0,32.81,-4974.00
buy,320,10,140.0,35.53,-4993.82
sell,328,10,1213.0,57.53,69768.83
buy,412,10,92.0,53.89,-4977.76
buy,413,10,99.0,49.83,-4952.83
buy,414,10,109.0,45.54,-4984.32
buy,415,10,110.0,45.06,-4977.15
buy,416,10,109.0,45.45,-4974.20
buy,417,10,117.0,42.41,-4982.10
buy,418,10,116.0,42.79,-4984.03
sell,454,10,752.0,46.07,34625.90
buy,489,10,117.0,42.34,-4973.85
buy,490,10,119.0,41.79,-4993.55
buy,491,10,126.0,39.34,-4976.33
buy,492,10,127.0,39.09,-4984.17
sell,528,10,489.0,69.07,33753.92
buy,555,10,37.0,132.34,-4916.51
buy,556,10,36.0,137.15,-4957.32
buy,557,10,36.0,137.10,-4955.70
buy,570,10,40.0,123.02,-4940.63
buy,571,10,41.0,121.29,-4992.87
buy,572,10,40.0,122.61,-4924.47
buy,573,10,40.0,122.33,-4913.00
buy,574,10,40.0,121.98,-4899.10
buy,575,10,41.0,120.96,-4979.27
buy,576,10,41.0,119.21,-4907.51
buy,596,10,41.0,118.82,-4891.77
buy,597,10,41.0,119.12,-4904.08
buy,598,10,41.0,119.11,-4903.62
buy,599,10,41.0,119.08,-4902.16
buy,600,10,42.0,115.93,-4888.99
buy,661,10,46.0,106.65,-4926.11
sell,669,10,644.0,119.27,76789.29
buy,712,10,45.0,109.08,-4928.44
buy,713,10,44.0,110.93,-4900.84
buy,714,10,44.0,111.07,-4907.04
buy,715,10,45.0,110.54,-4994.25
buy,736,10,51.0,96.40,-4936.41
buy,737,10,52.0,95.36,-4978.76
sell,747,10,281.0,113.50,31872.89
buy,964,10,22.0,224.45,-4957.93
buy,965,10,22.0,224.43,-4957.39
buy,966,10,22.0,223.41,-4934.92
buy,1013,10,22.0,218.13,-4818.86
buy,1014,10,23.0,213.86,-4938.68
buy,1015,10,23.0,212.00,-4895.98
buy,1016,10,23.0,209.48,-4837.95
buy,1017,10,23.0,209.65,-4842.05
buy,1018,10,23.0,207.81,-4799.63
buy,1019,10,24.0,207.01,-4988.35
buy,1020,10,23.0,208.91,-4824.94
buy,1034,10,25.0,193.16,-4849.00
buy,1035,10,26.0,189.61,-4949.80
buy,1036,10,26.0,188.74,-4927.20
buy,1037,10,26.0,187.18,-4886.77
buy,1038,10,26.0,184.71,-4822.45
buy,1039,10,27.0,182.58,-4949.79
buy,1040,10,27.0,178.67,-4844.00
buy,1041,10,28.0,171.97,-4835.13
buy,1042,10,30.0,165.43,-4982.88
buy,1043,10,31.0,160.50,-4995.52
buy,1044,10,31.0,159.11,-4952.52
buy,1045,10,31.0,159.56,-4966.41
buy,1046,10,31.0,157.02,-4887.50
buy,1047,10,31.0,156.75,-4879.18
buy,1048,10,31.0,157.54,-4903.65
buy,1049,10,31.0,155.89,-4852.74
sell,1056,10,708.0,164.26,116278.25
buy,1152,10,26.0,187.44,-4893.43
sell,1158,10,26.0,216.91,5619.61
buy,1177,10,20.0,240.43,-4828.65
buy,1178,10,20.0,240.17,-4823.34
buy,1179,10,20.0,238.53,-4790.58
buy,1180,10,20.0,238.23,-4784.59
buy,1181,10,20.0,237.60,-4772.01
buy,1264,10,22.0,218.28,-4822.14
buy,1265,10,23.0,209.64,-4841.70
buy,1266,10,24.0,202.19,-4872.58
buy,1267,10,25.0,196.55,-4933.70
buy,1268,10,26.0,190.30,-4967.78
buy,1269,10,26.0,187.32,-4890.32
buy,1270,10,27.0,180.50,-4893.52
buy,1271,10,27.0,179.14,-4856.81
buy,1272,10,27.0,181.58,-4922.53
buy,1273,10,27.0,181.67,-4925.02
sell,1315,10,354.0,174.87,61883.24
buy,1329,10,35.0,140.82,-4948.82
buy,1330,10,36.0,136.89,-4948.05
buy,1331,10,36.0,137.69,-4976.83
buy,1332,10,36.0,138.20,-4995.03
buy,1357,10,43.0,113.95,-4919.73
buy,1358,10,44.0,110.82,-4895.90
buy,1359,10,46.0,107.10,-4946.70
buy,1360,10,48.0,103.61,-4993.32
buy,1361,10,49.0,99.82,-4911.13
buy,1362,10,52.0,94.52,-4935.04
buy,1363,10,56.0,88.74,-4989.49
buy,1364,10,56.0,88.46,-4973.68
buy,1365,10,58.0,85.84,-4998.86
buy,1366,10,57.0,86.76,-4965.37
buy,1367,10,56.0,88.18,-4958.22
buy,1368,10,57.0,86.74,-4963.97
buy,1415,10,60.0,82.37,-4962.45
buy,1416,10,58.0,84.56,-4924.28
buy,1427,10,104.0,47.48,-4957.89
buy,1428,10,126.0,39.47,-4993.35
buy,1429,10,141.0,35.11,-4970.14
buy,1430,10,128.0,38.76,-4981.10
buy,1431,10,137.0,36.19,-4978.43
buy,1432,10,142.0,34.92,-4978.69
buy,1433,10,139.0,35.64,-4974.62
buy,1495,10,102.0,48.48,-4964.83
buy,1496,10,103.0,47.91,-4954.27
buy,1497,10,114.0,43.38,-4965.54
buy,1498,10,123.0,40.39,-4987.72
buy,1499,10,131.0,37.85,-4977.89
buy,1500,10,141.0,35.30,-4996.92
buy,1501,10,140.0,35.43,-4980.14
buy,1502,10,139.0,35.73,-4986.70
buy,1503,10,133.0,37.32,-4983.83
buy,1513,10,195.0,25.44,-4981.03
buy,1514,10,213.0,23.30,-4983.72
sell,1524,10,3334.0,37.05,123508.41
buy,1542,10,165.0,30.15,-4994.90
buy,1543,10,152.0,32.66,-4984.42
buy,1598,10,370.0,13.45,-4996.59
buy,1599,10,388.0,12.81,-4988.72
buy,1600,10,376.0,13.24,-4996.80
sell,1618,10,1451.0,20.35,29506.18
buy,1782,10,61.0,81.30,-4979.08
buy,1783,10,60.0,82.48,-4968.92
buy,1784,10,61.0,81.09,-4966.76
buy,1785,10,61.0,81.30,-4979.19
sell,1803,10,243.0,112.64,27352.24
sell,5,11,33,156.33,5138.83
buy,24,11,35.0,140.41,-4934.32
sell,47,11,35.0,153.78,5362.18
buy,72,11,35.0,141.83,-4984.15
buy,125,11,34.0,143.09,-4885.20
buy,126,11,34.0,142.74,-4873.25
buy,176,11,38.0,128.09,-4887.28
buy,177,11,40.0,124.47,-4998.91
buy,178,11,40.0,123.11,-4944.20
buy,179,11,40.0,123.52,-4960.76
buy,180,11,40.0,122.82,-4932.89
buy,181,11,40.0,122.94,-4937.75
buy,182,11,40.0,122.03,-4901.37
buy,183,11,40.0,122.44,-4917.62
sell,190,11,421.0,139.70,58793.38
buy,294,11,32.0,153.06,-4918.00
buy,295,11,32.0,152.61,-4903.47
buy,301,11,34.0,144.36,-4928.32
buy,302,11,35.0,141.59,-4975.55
buy,303,11,35.0,138.61,-4871.37
buy,304,11,35.0,139.97,-4919.09
buy,305,11,35.0,140.69,-4944.18
buy,306,11,36.0,136.85,-4946.54
buy,307,11,36.0,136.91,-4948.84
buy,308,11,37.0,133.48,-4958.90
buy,352,11,37.0,131.44,-4883.38
buy,353,11,37.0,131.19,-4874.09
buy,354,11,38.0,129.33,-4934.71
buy,415,11,40.0,124.12,-4984.88
buy,465,11,39.0,124.74,-4884.95
buy,466,11,39.0,124.73,-4884.57
buy,467,11,40.0,121.58,-4883.23
buy,468,11,41.0,121.34,-4995.01
sell,504,11,658.0,173.37,114058.14
buy,621,11,26.0,185.16,-4834.07
buy,622,11,26.0,186.12,-4859.20
buy,623,11,26.0,185.66,-4847.20
buy,624,11,27.0,184.13,-4991.60
sell,632,11,105.0,192.24,20164.90
buy,747,11,23.0,212.93,-4917.32
buy,748,11,23.0,211.69,-4888.86
buy,749,11,23.0,209.36,-4835.33
buy,750,11,23.0,210.18,-4854.13
buy,751,11,23.0,207.53,-4793.18
buy,785,11,26.0,189.82,-4955.28
buy,786,11,26.0,186.94,-4880.40
buy,787,11,26.0,188.59,-4923.22
buy,788,11,26.0,187.61,-4897.87
buy,789,11,26.0,188.41,-4918.67
sell,808,11,245.0,196.45,48111.03
buy,910,11,26.0,189.57,-4948.86
buy,911,11,26.0,189.66,-4951.28
buy,912,11,26.0,191.25,-4992.45
buy,913,11,26.0,190.66,-4977.21
sell,927,11,104.0,205.82,21384.80
buy,980,11,25.0,192.57,-4834.34
buy,981,11,25.0,192.19,-4824.80
buy,982,11,25.0,194.91,-4892.82
buy,995,11,26.0,187.45,-4893.63
buy,1033,11,29.0,167.32,-4872.25
buy,1034,11,30.0,165.59,-4987.78
buy,1035,11,30.0,163.84,-4935.26
buy,1036,11,30.0,165.47,-4984.05
buy,1037,11,30.0,165.17,-4975.18
buy,1111,11,31.0,159.36,-4960.15
buy,1112,11,31.0,157.41,-4899.80
sell,1127,11,312.0,165.73,51688.25
buy,1158,11,32.0,152.88,-4912.28
buy,1159,11,32.0,153.64,-4936.33
buy,1160,11,33.0,150.90,-4999.58
buy,1224,11,33.0,148.70,-4927.09
buy,1225,11,33.0,148.29,-4913.72
buy,1226,11,33.0,149.47,-4952.37
buy,1227,11,33.0,147.50,-4887.34
buy,1228,11,33.0,147.13,-4875.36
sell,1238,11,262.0,166.28,43545.80
buy,1277,11,27.0,178.36,-4835.63
buy,1278,11,29.0,169.79,-4943.92
buy,1279,11,30.0,162.39,-4891.67
buy,1280,11,32.0,152.36,-4895.40
buy,1281,11,35.0,141.63,-4977.13
buy,1282,11,36.0,135.70,-4905.25
buy,1283,11,39.0,125.90,-4930.15
buy,1284,11,42.0,116.21,-4900.90
buy,1285,11,42.0,118.51,-4997.24
buy,1286,11,41.0,119.53,-4920.65
buy,1287,11,41.0,121.38,-4996.53
buy,1288,11,41.0,120.66,-4967.14
buy,1301,11,45.0,108.74,-4913.17
buy,1302,11,44.0,110.84,-4896.77
sell,1342,11,524.0,119.89,62801.78
buy,1385,11,54.0,90.92,-4929.67
buy,1386,11,58.0,84.73,-4934.46
buy,1387,11,63.0,78.67,-4976.45
buy,1388,11,67.0,73.33,-4933.22
buy,1389,11,71.0,69.68,-4967.41
buy,1390,11,77.0,64.42,-4980.15
buy,1391,11,86.0,57.36,-4953.12
buy,1392,11,97.0,50.91,-4958.40
buy,1393,11,108.0,45.93,-4980.04
buy,1394,11,126.0,39.27,-4968.08
buy,1395,11,126.0,39.50,-4997.20
buy,1396,11,126.0,39.51,-4998.87
buy,1397,11,121.0,41.08,-4990.95
buy,1398,11,124.0,40.15,-4998.12
sell,1404,11,1304.0,50.15,65369.24
buy,1423,11,129.0,38.45,-4980.43
buy,1424,11,133.0,37.33,-4984.50
buy,1425,11,144.0,34.35,-4966.13
buy,1426,11,149.0,33.27,-4977.49
sell,1484,11,555.0,62.92,34898.37
buy,1500,11,95.0,52.40,-4997.65
buy,1501,11,95.0,52.03,-4962.55
buy,1502,11,98.0,50.76,-4994.48
buy,1503,11,101.0,49.14,-4983.26
buy,1504,11,103.0,47.93,-4956.67
buy,1516,11,120.0,41.30,-4975.42
buy,1517,11,119.0,41.53,-4962.24
buy,1555,11,181.0,27.46,-4990.35
buy,1569,11,252.0,19.69,-4980.76
buy,1570,11,252.0,19.68,-4980.40
buy,1571,11,271.0,18.34,-4990.49
sell,1612,11,1687.0,35.17,59314.41
buy,1627,11,308.0,16.15,-4993.80
sell,1703,11,308.0,21.51,6606.53
buy,1757,11,399.0,12.47,-4993.83
buy,1758,11,493.0,10.10,-4999.34
buy,1759,11,506.0,9.83,-4993.89
buy,1760,11,787.0,6.33,-4999.78
buy,1761,11,784.0,6.35,-4994.57
buy,1762,11,691.0,7.21,-4999.81
buy,1763,11,763.0,6.52,-4994.51
sell,49,12,33,156.99,5160.64
buy,73,12,30.0,161.89,-4876.69
buy,84,12,32.0,153.68,-4937.83
buy,85,12,32.0,153.82,-4942.25
sell,120,12,94.0,164.46,15438.94
buy,158,12,28.0,175.81,-4942.64
buy,159,12,28.0,173.26,-4871.23
buy,160,12,28.0,174.12,-4895.49
buy,200,12,31.0,159.78,-4973.09
buy,201,12,30.0,160.93,-4847.80
sell,222,12,145.0,167.72,24299.17
buy,231,12,32.0,155.47,-4994.99
buy,232,12,32.0,152.89,-4912.33
buy,233,12,32.0,152.95,-4914.49
buy,234,12,32.0,152.37,-4895.86
buy,323,12,43.0,113.20,-4887.61
buy,324,12,45.0,108.38,-4896.96
buy,325,12,47.0,105.72,-4988.65
buy,326,12,47.0,103.82,-4899.71
buy,327,12,49.0,99.87,-4913.59
buy,328,12,51.0,96.77,-4955.12
buy,329,12,52.0,94.30,-4923.41
buy,330,12,51.0,96.31,-4931.75
buy,331,12,53.0,93.47,-4974.01
buy,332,12,52.0,94.01,-4908.73
buy,333,12,55.0,90.01,-4970.56
buy,443,12,55.0,89.05,-4917.91
buy,444,12,56.0,87.41,-4914.69
buy,445,12,57.0,86.29,-4938.43
sell,457,12,841.0,89.38,75145.25
buy,491,12,60.0,82.28,-4957.00
buy,492,12,60.0,82.17,-4949.91
buy,493,12,63.0,79.02,-4998.46
buy,504,12,84.0,58.89,-4966.81
buy,505,12,84.0,58.63,-4944.74
buy,506,12,86.0,57.34,-4950.86
buy,507,12,92.0,54.02,-4990.04
buy,508,12,101.0,49.22,-4990.97
buy,509,12,109.0,45.47,-4976.61
buy,510,12,123.0,40.45,-4995.19
buy,511,12,123.0,40.44,-4994.73
buy,512,12,125.0,39.57,-4966.20
buy,513,12,127.0,39.13,-4988.97
buy,514,12,142.0,34.98,-4987.73
buy,515,12,150.0,33.13,-4990.02
buy,516,12,146.0,34.04,-4990.36
buy,517,12,156.0,31.77,-4976.75
buy,518,12,168.0,29.58,-4989.70
buy,519,12,176.0,28.27,-4996.33
buy,520,12,181.0,27.41,-4982.07
buy,521,12,190.0,26.13,-4985.04
buy,522,12,189.0,26.31,-4992.18
sell,529,12,2735.0,54.04,147786.30
buy,554,12,90.0,54.84,-4955.31
buy,555,12,93.0,53.07,-4955.51
buy,556,12,96.0,51.52,-4966.23
buy,557,12,97.0,51.13,-4979.53
buy,558,12,95.0,52.23,-4982.01
buy,559,12,96.0,51.61,-4974.98
sell,600,12,567.0,91.51,51867.03
buy,622,12,40.0,123.51,-4960.32
sell,643,12,40.0,129.36,5154.31
buy,738,12,45.0,108.67,-4910.14
buy,739,12,45.0,110.10,-4974.62
buy,740,12,45.0,109.84,-4962.87
sell,763,12,135.0,123.43,16643.48
buy,774,12,41.0,119.78,-4931.07
buy,775,12,41.0,121.03,-4982.34
buy,808,12,46.0,107.51,-4965.33
buy,820,12,52.0,95.14,-4967.19
buy,821,12,53.0,92.44,-4919.51
buy,822,12,52.0,95.04,-4962.24
buy,823,12,52.0,94.68,-4943.13
sell,847,12,337.0,113.77,38320.99
buy,895,12,52.0,95.10,-4965.38
buy,896,12,51.0,96.26,-4929.45
buy,934,12,59.0,83.20,-4928.93
buy,935,12,58.0,85.72,-4991.60
sell,944,12,220.0,95.92,21081.40
buy,1002,12,49.0,99.97,-4918.40
buy,1003,12,49.0,100.21,-4930.49
buy,1004,12,49.0,99.97,-4918.71
buy,1005,12,49.0,100.12,-4926.07
buy,1033,12,55.0,90.06,-4973.22
buy,1034,12,54.0,91.18,-4943.75
sell,1049,12,305.0,102.78,31326.93
buy,1108,12,48.0,102.65,-4947.02
sell,1115,12,48.0,116.88,5590.22
buy,1129,12,45.0,108.45,-4900.11
buy,1130,12,46.0,106.66,-4926.27
buy,1131,12,46.0,107.02,-4943.06
buy,1160,12,49.0,100.07,-4923.55
buy,1161,12,52.0,95.70,-4996.61
buy,1162,12,50.0,98.55,-4947.38
buy,1163,12,52.0,94.99,-4959.40
buy,1237,12,71.0,69.66,-4965.87
buy,1286,12,79.0,62.26,-4938.74
buy,1287,12,78.0,63.17,-4947.42
buy,1288,12,86.0,57.91,-4999.87
buy,1311,12,89.0,55.44,-4954.40
buy,1312,12,93.0,53.07,-4955.59
buy,1313,12,94.0,52.92,-4994.77
buy,1314,12,98.0,50.38,-4957.12
buy,1320,12,109.0,45.28,-4955.94
buy,1328,12,135.0,36.69,-4973.01
buy,1329,12,136.0,36.58,-4995.43
buy,1362,12,153.0,32.50,-4991.74
buy,1380,12,341.0,14.58,-4990.25
sell,1423,12,1902.0,35.11,66752.29
sell,7,13,33,158.40,5207.14
buy,420,13,25.0,197.21,-4950.30
buy,421,13,25.0,196.48,-4931.98
buy,422,13,25.0,197.78,-4964.45
sell,430,13,75.0,206.15,15441.46
buy,497,13,25.0,192.06,-4821.52
buy,498,13,25.0,192.67,-4836.87
buy,499,13,25.0,192.46,-4831.47
buy,500,13,26.0,190.17,-4964.47
buy,501,13,26.0,186.74,-4875.26
buy,502,13,26.0,188.78,-4928.24
sell,511,13,153.0,199.71,30535.94
buy,550,13,25.0,198.36,-4979.07
buy,551,13,24.0,201.01,-4844.32
buy,552,13,24.0,199.71,-4812.98
buy,553,13,25.0,198.10,-4972.49
buy,554,13,25.0,196.42,-4930.62
buy,555,13,25.0,194.80,-4890.07
buy,556,13,26.0,190.78,-4980.35
buy,557,13,26.0,191.04,-4987.00
buy,558,13,26.0,188.58,-4923.05
buy,559,13,26.0,185.56,-4844.66
buy,560,13,26.0,185.11,-4832.74
buy,561,13,27.0,182.14,-4937.80
buy,562,13,27.0,183.36,-4970.73
buy,563,13,27.0,184.36,-4997.76
buy,572,13,28.0,172.46,-4848.86
buy,632,13,30.0,164.64,-4959.10
buy,633,13,30.0,165.99,-4999.73
sell,646,13,447.0,183.98,82220.27
buy,724,13,22.0,224.60,-4961.19
sell,733,13,22.0,241.41,5291.07
buy,799,13,20.0,237.41,-4768.12
buy,800,13,21.0,233.04,-4913.94
buy,801,13,21.0,227.04,-4787.93
buy,802,13,22.0,221.21,-4886.62
buy,803,13,23.0,216.02,-4988.45
buy,804,13,23.0,214.70,-4958.01
buy,805,13,23.0,209.25,-4832.73
buy,806,13,24.0,205.16,-4943.77
buy,807,13,24.0,206.03,-4964.67
buy,808,13,24.0,203.51,-4904.25
buy,809,13,24.0,199.29,-4803.07
buy,810,13,26.0,191.39,-4996.18
buy,811,13,26.0,186.99,-4881.76
buy,812,13,27.0,181.00,-4906.99
buy,813,13,27.0,180.23,-4886.19
buy,814,13,27.0,179.90,-4877.32
buy,815,13,27.0,180.63,-4897.08
buy,816,13,27.0,179.66,-4870.86
buy,817,13,27.0,180.72,-4899.51
sell,898,13,463.0,192.57,89138.82
buy,912,13,24.0,203.05,-4893.08
buy,913,13,25.0,198.20,-4974.97
sell,928,13,49.0,213.19,10426.14
buy,940,13,24.0,206.93,-4986.36
buy,941,13,24.0,207.33,-4996.03
buy,960,13,25.0,198.84,-4990.94
buy,1017,13,25.0,195.93,-4918.33
buy,1018,13,25.0,194.18,-4874.50
buy,1019,13,25.0,195.09,-4897.30
buy,1020,13,25.0,192.75,-4838.72
buy,1021,13,25.0,191.71,-4812.80
buy,1022,13,25.0,192.87,-4841.77
buy,1023,13,26.0,190.78,-4980.33
buy,1024,13,27.0,182.44,-4945.76
buy,1025,13,28.0,174.29,-4900.06
buy,1026,13,30.0,165.53,-4986.02
buy,1027,13,30.0,165.55,-4986.49
buy,1028,13,29.0,166.94,-4861.21
buy,1029,13,29.0,166.33,-4843.52
buy,1030,13,30.0,162.85,-4905.63
buy,1031,13,31.0,160.43,-4993.41
buy,1032,13,31.0,158.57,-4935.79
buy,1033,13,31.0,157.29,-4896.13
buy,1034,13,31.0,158.00,-4918.02
buy,1035,13,31.0,158.60,-4936.56
sell,1050,13,607.0,182.99,111053.70
buy,1103,13,24.0,204.10,-4918.37
buy,1124,13,26.0,188.33,-4916.52
buy,1125,13,26.0,187.86,-4904.28
buy,1152,13,28.0,171.95,-4834.51
buy,1153,13,29.0,170.55,-4965.82
buy,1154,13,29.0,169.29,-4929.51
buy,1155,13,29.0,168.62,-4909.99
buy,1156,13,30.0,165.51,-4985.38
buy,1157,13,30.0,163.79,-4933.65
buy,1158,13,30.0,163.26,-4917.84
buy,1159,13,30.0,162.94,-4908.18
buy,1160,13,30.0,161.39,-4861.83
buy,1161,13,31.0,160.19,-4985.93
buy,1162,13,31.0,158.17,-4923.26
buy,1163,13,31.0,159.30,-4958.15
sell,1196,13,434.0,188.52,81795.92
buy,1206,13,28.0,176.63,-4965.64
buy,1207,13,27.0,178.16,-4830.37
buy,1208,13,28.0,175.25,-4927.12
sell,1215,13,83.0,189.57,15714.37
buy,1252,13,28.0,177.84,-4999.39
buy,1253,13,27.0,178.11,-4828.84
sell,1276,13,55.0,180.68,9917.49
buy,1384,13,25.0,195.57,-4909.29
buy,1385,13,25.0,197.21,-4950.24
buy,1386,13,25.0,196.58,-4934.59
buy,1387,13,25.0,195.21,-4900.33
buy,1388,13,25.0,192.22,-4825.54
buy,1389,13,25.0,191.87,-4816.73
buy,1390,13,26.0,189.15,-4937.96
buy,1391,13,26.0,189.60,-4949.50
buy,1392,13,26.0,185.94,-4854.51
buy,1393,13,26.0,185.62,-4846.24
buy,1394,13,26.0,186.78,-4876.32
sell,1406,13,280.0,193.96,54289.26
buy,1445,13,23.0,214.14,-4945.15
sell,1452,13,23.0,255.73,5861.81
buy,1466,13,19.0,252.98,-4826.69
sell,1510,13,19.0,296.04,5604.82
buy,1566,13,15.0,324.44,-4886.60
buy,1567,13,15.0,322.57,-4858.50
buy,1587,13,16.0,303.93,-4882.85
buy,1588,13,16.0,297.80,-4784.80
buy,1589,13,17.0,292.55,-4993.41
buy,1590,13,17.0,292.84,-4998.31
buy,1591,13,17.0,288.16,-4918.77
buy,1592,13,17.0,283.20,-4834.47
buy,1593,13,17.0,280.99,-4796.77
buy,1594,13,17.0,281.61,-4807.39
buy,1595,13,17.0,283.21,-4834.62
buy,1596,13,17.0,283.04,-4831.68
buy,1597,13,17.0,282.25,-4818.19
sell,1634,13,215.0,298.43,64141.41
buy,1642,13,17.0,292.79,-4997.46
buy,1657,13,17.0,280.11,-4781.85
buy,1658,13,17.0,280.73,-4792.42
sell,1687,13,51.0,287.66,14650.73
buy,1768,13,17.0,279.18,-4766.02
buy,1769,13,18.0,274.17,-4955.00
buy,1770,13,18.0,270.45,-4888.11
buy,1771,13,18.0,268.49,-4852.81
buy,1772,13,19.0,261.71,-4992.50
buy,1773,13,19.0,255.31,-4870.96
buy,1774,13,19.0,256.38,-4891.27
buy,1775,13,19.0,259.58,-4952.11
buy,1776,13,19.0,256.93,-4901.61
buy,1809,13,19.0,257.09,-4904.74
buy,1810,13,19.0,256.95,-4901.98
buy,1811,13,19.0,253.48,-4836.11
buy,1812,13,19.0,252.92,-4825.53
buy,1813,13,19.0,251.77,-4803.70
sell,28,14,33,158.27,5202.87
buy,76,14,26.0,184.47,-4816.35
buy,77,14,26.0,186.03,-4856.70
buy,78,14,26.0,186.52,-4869.44
buy,89,14,31.0,157.42,-4899.98
buy,90,14,32.0,151.69,-4874.12
buy,91,14,33.0,148.06,-4905.82
buy,92,14,34.0,143.35,-4893.81
buy,93,14,36.0,135.56,-4900.30
buy,94,14,37.0,132.19,-4911.18
buy,95,14,40.0,123.58,-4963.29
buy,96,14,42.0,116.86,-4927.98
buy,97,14,44.0,111.70,-4934.60
buy,98,14,44.0,111.98,-4946.95
buy,99,14,44.0,110.82,-4896.23
buy,100,14,44.0,112.55,-4972.40
buy,101,14,45.0,109.15,-4931.89
buy,102,14,45.0,109.77,-4959.56
sell,146,14,629.0,148.55,93418.45
buy,213,14,28.0,174.80,-4914.37
buy,269,14,27.0,182.67,-4951.99
buy,270,14,27.0,182.47,-4946.77
buy,271,14,27.0,182.59,-4949.91
buy,272,14,27.0,181.87,-4930.51
sell,278,14,136.0,191.02,25959.32
buy,297,14,27.0,184.01,-4988.24
buy,298,14,27.0,184.41,-4999.11
sell,333,14,54.0,184.40,9937.55
buy,544,14,14.0,352.15,-4950.15
sell,552,14,14.0,371.25,5177.49
buy,567,14,13.0,359.22,-4689.87
buy,568,14,13.0,361.47,-4719.16
buy,569,14,13.0,357.72,-4670.41
buy,570,14,13.0,356.57,-4655.42
sell,588,14,52.0,366.05,19014.45
buy,651,14,12.0,394.50,-4753.96
buy,652,14,12.0,392.67,-4732.08
buy,653,14,12.0,393.21,-4738.57
buy,677,14,12.0,386.93,-4663.14
sell,702,14,48.0,386.92,18552.26
buy,712,14,13.0,358.36,-4678.68
buy,713,14,14.0,355.44,-4996.10
buy,714,14,14.0,351.67,-4943.34
buy,715,14,14.0,351.52,-4941.28
buy,716,14,14.0,351.84,-4945.80
buy,717,14,14.0,353.45,-4968.30
buy,741,14,14.0,340.37,-4785.13
buy,742,14,14.0,339.43,-4771.96
buy,743,14,14.0,340.92,-4792.87
sell,778,14,125.0,357.17,44626.36
buy,824,14,14.0,352.53,-4955.45
buy,877,14,14.0,350.30,-4924.21
buy,878,14,14.0,351.49,-4940.91
buy,879,14,14.0,349.26,-4909.63
buy,890,14,14.0,345.93,-4863.05
sell,903,14,70.0,354.17,24771.85
buy,1016,14,13.0,357.43,-4666.55
buy,1017,14,13.0,356.64,-4656.29
buy,1018,14,14.0,355.12,-4991.69
sell,1072,14,40.0,380.21,15188.41
buy,1093,14,13.0,380.67,-4968.68
buy,1136,14,13.0,371.76,-4852.92
buy,1137,14,13.0,368.28,-4807.68
buy,1138,14,13.0,367.30,-4794.94
buy,1169,14,13.0,360.22,-4702.87
buy,1170,14,13.0,358.14,-4675.77
buy,1171,14,13.0,357.74,-4670.59
buy,1172,14,13.0,356.42,-4653.40
buy,1212,14,15.0,330.49,-4977.34
buy,1213,14,15.0,326.96,-4924.34
buy,1214,14,15.0,319.38,-4810.64
buy,1215,14,15.0,317.24,-4778.53
buy,1216,14,15.0,314.26,-4733.94
buy,1217,14,15.0,311.92,-4698.80
buy,1218,14,15.0,313.55,-4723.29
sell,1226,14,209.0,339.76,70988.88
buy,1240,14,14.0,343.85,-4833.96
buy,1241,14,14.0,346.61,-4872.51
sell,1276,14,28.0,355.13,9923.53
buy,1329,14,14.0,340.85,-4791.87
buy,1330,14,14.0,337.46,-4744.47
buy,1331,14,14.0,333.46,-4688.43
buy,1332,14,15.0,328.22,-4943.28
buy,1333,14,15.0,326.14,-4912.07
buy,1356,14,15.0,324.60,-4889.05
buy,1357,14,15.0,314.62,-4739.29
buy,1358,14,16.0,306.99,-4931.91
buy,1359,14,16.0,301.41,-4842.53
buy,1360,14,16.0,296.16,-4758.50
buy,1361,14,17.0,289.83,-4947.05
buy,1362,14,17.0,282.53,-4822.95
buy,1363,14,17.0,277.04,-4729.61
buy,1364,14,18.0,271.48,-4906.72
buy,1365,14,18.0,265.00,-4790.06
buy,1366,14,19.0,260.80,-4975.26
buy,1367,14,19.0,257.67,-4915.70
buy,1368,14,19.0,260.53,-4970.14
buy,1369,14,19.0,258.83,-4937.72
buy,1370,14,19.0,259.97,-4959.44
buy,1403,14,19.0,257.37,-4910.02
buy,1404,14,19.0,258.46,-4930.75
sell,1413,14,370.0,265.75,98307.23
buy,1477,14,20.0,247.23,-4964.67
buy,1478,14,20.0,245.70,-4933.97
buy,1479,14,20.0,246.02,-4940.44
buy,1480,14,20.0,242.94,-4878.86
buy,1481,14,20.0,243.46,-4889.19
buy,1482,14,20.0,242.97,-4879.45
buy,1512,14,21.0,234.67,-4947.97
buy,1513,14,21.0,235.21,-4959.47
sell,1531,14,162.0,242.58,39277.90
buy,1611,14,18.0,266.25,-4812.53
buy,1612,14,18.0,265.94,-4806.95
buy,1613,14,18.0,266.07,-4809.33
buy,1614,14,18.0,265.03,-4790.51
buy,1615,14,19.0,260.55,-4970.50
buy,1616,14,19.0,261.30,-4984.75
buy,1617,14,19.0,261.92,-4996.42
buy,1618,14,19.0,260.34,-4966.41
buy,1619,14,19.0,261.08,-4980.59
buy,1640,14,19.0,261.61,-4990.59
sell,1696,14,186.0,260.17,48371.91
buy,1758,14,18.0,267.28,-4831.07
buy,1759,14,18.0,266.51,-4817.25
sell,1819,14,36.0,301.73,10842.38
sell,63,15,33,164.15,5396.89
buy,278,15,22.0,226.28,-4998.11
buy,279,15,22.0,220.85,-4878.60
buy,280,15,23.0,211.49,-4884.32
buy,281,15,24.0,202.86,-4888.66
buy,282,15,25.0,193.11,-4847.84
buy,283,15,27.0,183.58,-4976.76
buy,284,15,28.0,175.16,-4924.48
buy,285,15,29.0,167.38,-4874.01
buy,286,15,31.0,157.34,-4897.63
buy,287,15,32.0,152.15,-4888.94
buy,288,15,34.0,143.60,-4902.44
buy,289,15,34.0,145.58,-4969.55
buy,290,15,33.0,147.10,-4874.23
buy,291,15,33.0,147.75,-4895.70
buy,292,15,34.0,145.45,-4965.24
sell,330,15,431.0,158.12,68130.90
buy,361,15,46.0,106.30,-4909.70
buy,362,15,52.0,95.33,-4977.40
buy,363,15,59.0,84.19,-4987.27
buy,364,15,66.0,74.67,-4948.04
buy,365,15,75.0,65.64,-4942.67
buy,366,15,86.0,57.70,-4982.44
buy,367,15,98.0,50.57,-4975.89
buy,368,15,125.0,39.66,-4977.09
buy,369,15,157.0,31.61,-4982.49
buy,370,15,153.0,32.52,-4996.18
buy,371,15,152.0,32.67,-4985.69
buy,372,15,161.0,30.79,-4976.59
buy,373,15,157.0,31.69,-4996.09
buy,374,15,159.0,31.28,-4992.95
buy,388,15,227.0,21.85,-4979.59
buy,398,15,365.0,13.61,-4989.04
buy,399,15,424.0,11.73,-4992.39
buy,35,16,37.0,133.97,-4977.03
buy,36,16,38.0,130.90,-4994.32
buy,37,16,37.0,132.38,-4918.20
sell,57,16,145.0,135.61,19643.40
buy,123,16,43.0,115.64,-4992.36
buy,132,16,47.0,105.51,-4978.82
buy,133,16,46.0,106.00,-4895.80
buy,216,16,55.0,89.14,-4922.94
buy,238,16,89.0,55.62,-4970.17
buy,239,16,98.0,50.60,-4978.69
buy,240,16,125.0,39.80,-4994.62
buy,241,16,152.0,32.76,-4999.59
buy,242,16,208.0,23.93,-4997.16
buy,243,16,219.0,22.65,-4980.24
buy,244,16,232.0,21.41,-4988.07
buy,245,16,333.0,14.91,-4985.17
buy,246,16,372.0,13.38,-4996.90
buy,247,16,728.0,6.83,-4995.08
buy,248,16,1341.0,3.71,-4997.40
buy,249,16,1138.0,4.37,-4996.19
buy,250,16,1521.0,3.27,-4999.19
buy,251,16,1517.0,3.28,-4997.03
buy,252,16,1228.0,4.05,-4997.50
buy,5,17,36.0,137.70,-4977.37
buy,6,17,36.0,137.01,-4952.29
buy,7,17,36.0,137.89,-4983.97
buy,8,17,35.0,139.79,-4912.76
buy,9,17,35.0,139.67,-4908.44
buy,115,17,39.0,126.09,-4937.37
buy,116,17,39.0,125.18,-4901.94
buy,117,17,40.0,123.76,-4970.38
buy,118,17,39.0,126.18,-4941.07
sell,153,17,368.0,134.10,49327.32
buy,254,17,31.0,159.01,-4949.34
buy,255,17,30.0,160.90,-4846.86
sell,287,17,61.0,173.89,10587.39
buy,335,17,28.0,175.39,-4930.98
buy,336,17,28.0,174.75,-4912.87
buy,337,17,28.0,175.35,-4929.89
sell,373,17,84.0,169.40,14209.50
buy,470,17,32.0,154.48,-4963.27
sell,486,17,32.0,179.87,5735.95
buy,502,17,30.0,165.58,-4987.55
buy,503,17,30.0,164.36,-4950.70
buy,504,17,30.0,164.33,-4949.88
buy,505,17,30.0,164.20,-4946.04
buy,506,17,30.0,162.08,-4882.34
buy,507,17,31.0,160.47,-4994.64
buy,580,17,32.0,151.94,-4882.22
buy,581,17,33.0,150.48,-4985.72
buy,582,17,33.0,150.77,-4995.55
sell,668,17,279.0,144.61,40325.48
buy,703,17,36.0,135.45,-4896.26
buy,719,17,40.0,123.58,-4963.04
buy,720,17,39.0,125.70,-4922.33
buy,759,17,43.0,115.58,-4990.08
buy,760,17,43.0,113.69,-4908.73
buy,761,17,44.0,113.00,-4991.86
buy,762,17,45.0,109.74,-4958.38
buy,763,17,46.0,106.66,-4926.55
buy,764,17,47.0,104.93,-4951.62
buy,765,17,46.0,106.19,-4904.81
sell,813,17,429.0,126.58,54283.66
buy,874,17,40.0,124.02,-4981.00
buy,875,17,40.0,123.31,-4952.34
buy,876,17,39.0,125.77,-4925.21
buy,877,17,39.0,124.75,-4885.27
buy,967,17,39.0,125.37,-4909.27
sell,974,17,197.0,153.32,30184.72
buy,1003,17,32.0,151.20,-4858.38
buy,1004,17,32.0,151.26,-4860.18
buy,1005,17,33.0,150.90,-4999.76
buy,1061,17,35.0,142.08,-4992.72
sell,1082,17,132.0,143.87,18971.09
buy,1158,17,34.0,142.52,-4865.63
buy,1159,17,34.0,143.93,-4913.72
buy,1160,17,35.0,140.35,-4932.31
buy,1161,17,36.0,135.35,-4892.61
buy,1162,17,37.0,133.49,-4959.08
buy,1163,17,39.0,127.62,-4997.33
buy,1164,17,40.0,123.57,-4962.72
buy,1165,17,39.0,125.62,-4919.17
buy,1166,17,40.0,121.56,-4882.36
buy,1167,17,40.0,121.73,-4889.32
buy,1168,17,40.0,123.35,-4953.93
buy,1201,17,44.0,110.81,-4895.51
buy,1264,17,48.0,102.50,-4939.89
buy,1265,17,49.0,101.15,-4976.57
buy,1266,17,48.0,101.74,-4903.30
sell,1272,17,603.0,117.25,70682.47
buy,1282,17,46.0,107.53,-4966.23
sell,1296,17,46.0,126.07,5779.09
buy,1308,17,44.0,112.52,-4971.09
buy,1309,17,44.0,111.13,-4909.62
sell,1323,17,88.0,123.19,10820.31
buy,1435,17,39.0,124.55,-4877.35
buy,1436,17,39.0,125.49,-4914.24
buy,1437,17,39.0,125.13,-4900.05
buy,1464,17,46.0,107.65,-4971.68
buy,1465,17,47.0,104.34,-4924.01
buy,1466,17,46.0,107.54,-4966.79
buy,1467,17,45.0,108.60,-4907.15
sell,1503,17,301.0,163.97,49334.67
buy,1567,17,23.0,209.31,-4834.18
buy,1568,17,24.0,203.41,-4901.83
buy,1569,17,24.0,199.80,-4815.24
buy,1570,17,24.0,199.40,-4805.50
buy,1571,17,24.0,202.31,-4875.46
buy,1572,17,24.0,201.16,-4847.90
buy,1616,17,25.0,192.26,-4826.54
buy,1617,17,26.0,190.02,-4960.42
sell,1646,17,194.0,186.37,36136.31
buy,1691,17,30.0,165.10,-4972.95
buy,1692,17,31.0,159.01,-4949.41
buy,1693,17,31.0,158.79,-4942.48
buy,1694,17,30.0,161.28,-4858.36
buy,1695,17,30.0,161.37,-4860.99
buy,1696,17,31.0,160.27,-4988.29
sell,1747,17,183.0,173.73,31772.37
sell,61,18,33,159.37,5239.26
buy,167,18,25.0,196.32,-4928.09
buy,168,18,26.0,187.79,-4902.58
buy,169,18,27.0,181.30,-4915.12
buy,170,18,28.0,174.66,-4910.48
buy,171,18,28.0,171.89,-4833.04
buy,172,18,29.0,170.37,-4960.85
buy,173,18,30.0,165.88,-4996.34
buy,174,18,29.0,169.60,-4938.34
buy,175,18,29.0,170.54,-4965.55
sell,208,18,251.0,177.41,44509.43
buy,281,18,30.0,165.58,-4987.38
buy,282,18,30.0,164.27,-4948.09
buy,283,18,30.0,165.56,-4986.73
sell,336,18,90.0,202.82,18233.58
buy,360,18,22.0,221.11,-4884.37
buy,361,18,22.0,220.67,-4874.73
buy,362,18,23.0,210.32,-4857.25
buy,363,18,25.0,198.27,-4976.86
buy,364,18,26.0,185.64,-4846.64
buy,365,18,28.0,172.17,-4840.75
buy,366,18,30.0,164.02,-4940.51
buy,367,18,31.0,158.49,-4933.26
buy,368,18,32.0,151.86,-4879.48
buy,369,18,34.0,143.75,-4907.51
buy,370,18,37.0,132.60,-4926.04
buy,371,18,39.0,125.69,-4921.87
buy,372,18,42.0,116.24,-4902.12
buy,373,18,47.0,105.25,-4966.63
buy,374,18,51.0,96.11,-4921.82
buy,375,18,56.0,88.78,-4991.76
buy,376,18,56.0,87.95,-4945.25
buy,377,18,57.0,86.61,-4956.83
buy,378,18,56.0,88.26,-4962.55
buy,379,18,57.0,86.23,-4935.36
buy,380,18,56.0,88.13,-4955.12
buy,414,18,60.0,82.81,-4988.33
sell,421,18,887.0,95.25,84470.53
buy,569,18,34.0,143.75,-4907.38
sell,595,18,34.0,153.17,5187.80
buy,664,18,34.0,144.12,-4920.13
buy,665,18,34.0,143.78,-4908.60
buy,666,18,34.0,143.28,-4891.45
buy,667,18,34.0,142.54,-4866.38
buy,668,18,34.0,143.37,-4894.43
buy,669,18,35.0,140.16,-4925.74
sell,700,18,205.0,145.23,29752.46
buy,782,18,34.0,144.92,-4947.16
buy,783,18,33.0,146.86,-4866.51
buy,784,18,33.0,146.85,-4866.17
sell,838,18,100.0,163.80,16359.61
buy,858,18,30.0,162.82,-4904.58
buy,859,18,30.0,162.72,-4901.73
buy,860,18,30.0,163.22,-4916.61
sell,890,18,90.0,174.79,15711.12
buy,1002,18,25.0,194.15,-4873.81
buy,1003,18,26.0,191.31,-4994.19
buy,1004,18,25.0,192.13,-4823.19
buy,1005,18,25.0,192.82,-4840.55
buy,1006,18,26.0,189.10,-4936.51
sell,1033,18,127.0,186.93,23719.59
buy,1062,18,32.0,154.60,-4967.16
buy,1063,18,33.0,149.25,-4945.29
buy,1064,18,34.0,143.79,-4908.94
buy,1065,18,35.0,138.44,-4865.47
buy,1066,18,38.0,130.59,-4982.55
buy,1067,18,39.0,124.82,-4888.14
buy,1068,18,41.0,120.96,-4979.23
buy,1069,18,43.0,115.42,-4983.11
buy,1070,18,47.0,105.94,-4999.31
buy,1071,18,49.0,101.25,-4981.16
buy,1072,18,48.0,102.61,-4945.13
buy,1073,18,47.0,104.67,-4939.65
buy,1074,18,46.0,106.32,-4910.73
sell,1096,18,532.0,116.85,62142.82
buy,1173,18,44.0,112.03,-4949.50
sell,1179,18,44.0,121.64,5331.97
buy,1199,18,47.0,105.75,-4990.15
buy,1200,18,47.0,105.15,-4962.10
sell,1210,18,94.0,119.03,11168.88
buy,1355,18,24.0,204.57,-4929.76
buy,1395,18,27.0,178.98,-4852.52
buy,1396,18,27.0,177.90,-4823.30
buy,1397,18,28.0,174.55,-4907.41
buy,1398,18,28.0,175.35,-4929.77
buy,1399,18,28.0,174.91,-4917.38
buy,1400,18,28.0,176.37,-4958.23
buy,1438,18,27.0,183.32,-4969.77
buy,1439,18,27.0,182.15,-4938.13
buy,1458,18,35.0,141.56,-4974.49
buy,1459,18,36.0,136.30,-4926.65
buy,1460,18,38.0,130.31,-4971.59
buy,1461,18,40.0,122.90,-4935.87
buy,1462,18,43.0,115.16,-4971.79
buy,1463,18,46.0,108.20,-4997.16
buy,1464,18,47.0,104.21,-4917.72
buy,1465,18,50.0,99.06,-4972.84
buy,1466,18,51.0,96.42,-4937.62
buy,1467,18,52.0,94.80,-4949.68
buy,1468,18,52.0,95.65,-4993.87
buy,1469,18,54.0,92.13,-4995.04
buy,1470,18,53.0,93.58,-4979.96
buy,1471,18,55.0,89.62,-4948.86
buy,1485,18,69.0,71.18,-4931.35
buy,1486,18,72.0,68.73,-4968.86
buy,1487,18,78.0,63.56,-4977.87
buy,1488,18,85.0,58.14,-4961.52
buy,1489,18,86.0,57.40,-4956.54
buy,1490,18,85.0,58.27,-4973.21
buy,1491,18,84.0,58.91,-4968.30
buy,1492,18,84.0,58.79,-4958.00
sell,1539,18,1539.0,63.01,96958.64
buy,1628,18,107.0,46.35,-4979.03
buy,1629,18,108.0,45.85,-4971.42
buy,1630,18,110.0,45.08,-4978.76
buy,1631,18,115.0,42.98,-4963.01
buy,1655,18,128.0,38.77,-4983.00
buy,1656,18,133.0,37.25,-4974.02
buy,1720,18,143.0,34.62,-4970.67
buy,1721,18,152.0,32.64,-4981.98
sell,1729,18,996.0,42.62,42429.68
buy,1760,18,129.0,38.33,-4964.98
buy,1761,18,130.0,38.04,-4965.13
buy,1762,18,145.0,34.23,-4983.13
buy,1763,18,150.0,33.06,-4978.47
buy,1764,18,155.0,32.06,-4989.65
buy,1765,18,158.0,31.33,-4969.99
buy,1776,18,223.0,22.25,-4981.81
buy,1800,18,566.0,8.80,-4999.37
buy,1801,18,1178.0,4.23,-4999.14
sell,22,19,33,166.78,5483.86
buy,60,19,28.0,172.01,-4836.24
buy,61,19,29.0,171.22,-4985.47
sell,132,19,57.0,200.79,11425.06
buy,145,19,24.0,199.75,-4813.89
sell,161,19,24.0,209.08,4997.81
buy,201,19,29.0,169.71,-4941.46
buy,202,19,29.0,168.48,-4905.89
buy,203,19,29.0,168.55,-4907.96
buy,204,19,29.0,167.28,-4871.16
buy,205,19,30.0,164.25,-4947.47
buy,206,19,30.0,164.76,-4962.78
sell,215,19,176.0,177.86,31283.25
buy,307,19,32.0,152.65,-4904.86
buy,308,19,32.0,151.58,-4870.68
buy,309,19,32.0,151.18,-4857.67
buy,310,19,32.0,151.11,-4855.63
buy,311,19,33.0,148.21,-4910.85
buy,312,19,33.0,150.42,-4983.82
buy,327,19,36.0,135.52,-4898.83
buy,328,19,36.0,135.66,-4903.61
buy,329,19,36.0,137.62,-4974.40
buy,330,19,36.0,134.98,-4879.23
buy,331,19,37.0,133.22,-4949.23
buy,332,19,38.0,130.50,-4979.18
buy,333,19,38.0,128.27,-4894.43
buy,344,19,41.0,121.10,-4985.04
buy,345,19,41.0,120.41,-4956.65
buy,346,19,41.0,119.53,-4920.76
buy,347,19,42.0,116.89,-4929.26
sell,368,19,616.0,129.50,79750.33
buy,399,19,28.0,175.23,-4926.48
buy,400,19,28.0,175.33,-4929.31
buy,401,19,28.0,173.48,-4877.35
sell,409,19,84.0,182.13,15279.15
buy,429,19,31.0,160.10,-4983.19
buy,430,19,31.0,157.10,-4890.18
buy,431,19,33.0,148.51,-4920.89
buy,432,19,34.0,144.56,-4934.97
buy,433,19,35.0,139.81,-4913.29
buy,434,19,36.0,137.10,-4955.66
buy,435,19,37.0,131.48,-4884.78
buy,436,19,40.0,123.57,-4962.91
buy,437,19,39.0,125.20,-4902.71
buy,438,19,38.0,129.07,-4924.66
buy,439,19,39.0,125.40,-4910.50
buy,474,19,43.0,114.86,-4959.05
buy,475,19,43.0,114.24,-4932.51
buy,486,19,48.0,101.74,-4903.57
buy,487,19,48.0,102.78,-4953.45
sell,546,19,575.0,105.90,60874.31
buy,584,19,57.0,86.59,-4955.80
buy,585,19,57.0,86.22,-4934.36
buy,586,19,60.0,82.20,-4951.77
buy,587,19,61.0,81.19,-4972.71
buy,588,19,61.0,81.48,-4990.57
buy,589,19,63.0,78.82,-4985.42
buy,590,19,63.0,78.33,-4954.49
buy,591,19,71.0,69.50,-4954.56
buy,592,19,71.0,69.45,-4951.30
buy,593,19,72.0,68.48,-4950.68
sell,616,19,636.0,85.73,54506.88
buy,633,19,58.0,85.56,-4982.50
buy,649,19,62.0,79.85,-4970.83
buy,650,19,63.0,78.59,-4970.87
buy,665,19,81.0,61.24,-4980.67
buy,666,19,83.0,59.62,-4968.78
buy,667,19,82.0,60.25,-4960.59
buy,668,19,82.0,60.69,-4996.33
buy,669,19,83.0,59.67,-4972.58
buy,670,19,84.0,59.24,-4995.98
buy,725,19,139.0,35.58,-4965.17
buy,726,19,150.0,33.07,-4980.77
buy,727,19,151.0,32.87,-4983.01
buy,728,19,173.0,28.67,-4980.16
buy,729,19,185.0,26.88,-4992.74
buy,730,19,211.0,23.55,-4989.74
buy,731,19,228.0,21.77,-4983.62
buy,732,19,240.0,20.73,-4995.15
buy,733,19,236.0,21.09,-4998.18
buy,734,19,230.0,21.57,-4981.77
buy,735,19,273.0,18.21,-4991.40
buy,736,19,283.0,17.55,-4987.50
buy,737,19,327.0,15.21,-4993.66
buy,738,19,317.0,15.69,-4993.99
buy,739,19,338.0,14.71,-4990.98
buy,750,19,349.0,14.25,-4993.53
buy,808,19,225.0,22.06,-4983.38
buy,809,19,218.0,22.84,-4999.79
buy,810,19,213.0,23.29,-4980.18
sell,1824,1,84.0,170.26,14281.71
sell,1824,4,143.0,432.25,61792.08
sell,1824,5,85.0,282.99,24033.93
sell,1824,6,691.0,55.55,38363.40
sell,1824,8,286.0,121.07,34605.65
sell,1824,13,261.0,260.43,67952.09
