buy,0,0,33,150.00,-4970.00
buy,0,1,33,150.00,-4970.00
buy,0,2,33,150.00,-4970.00
buy,0,3,33,150.00,-4970.00
buy,0,4,33,150.00,-4970.00
buy,0,5,33,150.00,-4970.00
buy,0,6,33,150.00,-4970.00
buy,0,7,33,150.00,-4970.00
buy,0,8,33,150.00,-4970.00
buy,0,9,33,150.00,-4970.00
buy,0,10,33,150.00,-4970.00
buy,0,11,33,150.00,-4970.00
buy,0,12,33,150.00,-4970.00
buy,0,13,33,150.00,-4970.00
buy,0,14,33,150.00,-4970.00
buy,0,15,33,150.00,-4970.00
buy,0,16,33,150.00,-4970.00
buy,0,17,33,150.00,-4970.00
buy,0,18,33,150.00,-4970.00
buy,0,19,33,150.00,-4970.00
sell,7,0,33,152.74,5020.38
sell,7,1,33,150.27,4939.06
sell,7,2,33,150.93,4960.83
buy,7,4,32.0,151.11,-4855.46
sell,7,5,33,151.53,4980.57
sell,7,8,33,151.44,4977.40
sell,7,15,33,151.08,4965.59
buy,7,16,34.0,146.05,-4985.72
sell,7,17,33,137.89,4530.31
sell,7,18,33,150.17,4935.66
buy,14,3,32.0,152.44,-4898.17
buy,14,4,32.0,152.63,-4904.10
buy,14,5,34.0,145.10,-4953.36
buy,14,6,32.0,151.05,-4853.47
buy,14,7,31.0,156.44,-4869.75
sell,14,9,33,153.88,5057.93
buy,14,10,31.0,159.22,-4955.72
buy,14,11,33.0,150.83,-4997.42
sell,14,13,33,155.88,5124.08
sell,14,14,33,154.75,5086.68
buy,14,15,35.0,141.00,-4955.07
buy,14,18,32.0,151.97,-4882.99
buy,21,0,35.0,141.16,-4960.44
buy,21,1,31.0,156.48,-4870.81
sell,21,3,65.0,151.70,9840.33
buy,21,4,31.0,158.78,-4942.28
buy,21,5,32.0,151.17,-4857.53
buy,21,6,30.0,165.36,-4980.94
buy,21,7,31.0,157.91,-4915.24
sell,21,10,64.0,153.67,9814.90
buy,21,11,34.0,142.35,-4859.75
sell,21,12,33,160.98,5292.44
buy,21,14,31.0,155.84,-4850.94
sell,21,15,35.0,146.75,5116.17
buy,21,17,33.0,149.15,-4941.93
sell,21,18,32.0,153.66,4897.00
sell,28,0,35.0,143.46,5001.03
buy,28,1,32.0,154.03,-4949.07
buy,28,4,31.0,158.43,-4931.24
buy,28,6,28.0,171.84,-4831.49
sell,28,7,95.0,150.96,14321.33
buy,28,9,36.0,136.55,-4935.77
buy,28,10,31.0,156.78,-4880.09
buy,28,11,35.0,138.80,-4878.16
buy,28,16,35.0,141.96,-4988.67
sell,28,19,33,168.21,5531.03
buy,35,1,33.0,149.46,-4952.03
buy,35,2,32.0,153.07,-4918.10
sell,35,4,159.0,156.66,24888.17
sell,35,5,66.0,152.02,10013.11
buy,35,6,27.0,178.50,-4839.47
buy,35,9,39.0,126.06,-4936.19
sell,35,14,31.0,157.39,4859.15
sell,35,16,102.0,133.97,13645.34
buy,35,17,34.0,146.12,-4987.99
buy,35,18,31.0,158.46,-4932.16
sell,42,1,96.0,140.03,13423.12
sell,42,2,32.0,134.37,4279.98
buy,42,3,32.0,152.59,-4902.78
buy,42,5,31.0,156.50,-4871.61
buy,42,6,29.0,169.70,-4941.32
sell,42,9,75.0,123.37,9232.40
sell,42,10,31.0,155.71,4807.09
buy,42,11,34.0,146.47,-4999.87
buy,42,12,33.0,149.42,-4950.98
buy,42,15,35.0,139.57,-4904.92
sell,42,17,67.0,139.96,9357.32
sell,42,18,31.0,150.43,4643.35
buy,49,2,70.0,70.43,-4950.15
buy,49,8,33.0,150.86,-4998.52
buy,49,10,31.0,157.40,-4899.36
buy,49,11,33.0,150.04,-4971.23
buy,49,12,31.0,156.99,-4886.66
buy,49,13,32.0,151.15,-4856.89
sell,49,15,35.0,140.39,4893.65
buy,49,17,35.0,138.77,-4877.01
buy,49,18,32.0,151.93,-4881.72
buy,49,19,28.0,177.40,-4987.12
buy,56,0,33.0,148.92,-4934.31
sell,56,2,70.0,33.81,2346.81
buy,56,8,34.0,145.37,-4962.60
buy,56,9,44.0,112.20,-4956.94
sell,56,11,202.0,153.26,30939.40
sell,56,13,32.0,146.33,4662.61
buy,56,17,36.0,135.39,-4894.14
buy,63,0,32.0,150.96,-4850.58
buy,63,1,32.0,155.42,-4993.60
buy,63,2,128.0,38.87,-4994.79
buy,63,3,39.0,126.11,-4938.14
buy,63,6,27.0,183.59,-4976.86
buy,63,9,43.0,114.93,-4961.82
sell,63,12,64.0,168.42,10758.99
buy,63,17,37.0,133.81,-4970.88
sell,63,18,32.0,159.45,5082.32
buy,63,19,28.0,174.74,-4912.75
buy,70,0,33.0,146.80,-4864.34
sell,70,1,32.0,163.22,5203.01
buy,70,2,123.0,40.49,-4999.73
sell,70,3,71.0,103.49,7327.70
buy,70,4,28.0,177.85,-4999.76
sell,70,5,31.0,145.83,4500.83
buy,70,8,34.0,144.91,-4946.79
sell,70,9,87.0,120.25,10442.18
buy,70,10,28.0,171.96,-4834.82
buy,70,11,35.0,141.08,-4957.95
buy,70,13,33.0,148.53,-4921.46
buy,70,14,25.0,193.79,-4864.69
sell,70,17,108.0,137.53,14833.74
buy,77,1,30.0,165.24,-4977.25
buy,77,6,27.0,177.97,-4825.06
sell,77,8,101.0,164.06,16550.03
buy,77,10,29.0,171.01,-4979.28
buy,77,12,30.0,162.89,-4906.78
sell,77,13,33.0,159.57,5245.79
buy,77,18,31.0,158.53,-4934.56
buy,77,19,29.0,169.75,-4942.74
sell,84,4,28.0,186.62,5205.36
buy,84,5,27.0,179.82,-4875.20
sell,84,6,233.0,177.29,41289.64
buy,84,7,30.0,165.70,-4991.04
buy,84,10,28.0,172.12,-4839.40
sell,84,11,35.0,145.45,5070.66
buy,84,12,32.0,153.68,-4937.83
buy,84,14,27.0,181.70,-4925.81
buy,84,15,30.0,163.66,-4929.74
buy,84,16,36.0,135.08,-4882.99
buy,84,19,30.0,164.96,-4968.72
buy,91,0,36.0,135.00,-4879.84
sell,91,12,62.0,151.45,9370.01
sell,91,14,52.0,148.06,7678.87
buy,91,15,31.0,160.48,-4994.84
buy,91,16,35.0,139.37,-4897.97
buy,91,18,30.0,161.27,-4858.17
buy,91,19,30.0,163.36,-4920.72
buy,98,0,37.0,132.68,-4929.30
buy,98,1,26.0,189.94,-4958.45
buy,98,6,29.0,171.68,-4998.85
sell,98,7,30.0,162.07,4842.02
buy,98,9,39.0,127.22,-4981.66
buy,98,14,44.0,111.98,-4946.95
buy,105,0,38.0,129.22,-4930.46
sell,105,1,56.0,190.57,10651.71
sell,105,2,251.0,46.27,11593.97
buy,105,3,59.0,83.82,-4965.44
buy,105,4,31.0,156.48,-4870.83
buy,105,7,31.0,157.52,-4903.08
sell,105,9,39.0,138.89,5396.66
buy,105,12,32.0,153.54,-4933.35
sell,105,14,44.0,111.55,4888.35
buy,105,15,28.0,172.61,-4853.18
buy,105,16,40.0,121.58,-4883.34
sell,105,18,61.0,169.02,10290.52
sell,105,19,145.0,168.67,24436.61
buy,112,0,40.0,122.85,-4934.07
buy,112,1,23.0,209.75,-4844.23
buy,112,2,125.0,39.58,-4967.66
buy,112,3,64.0,76.91,-4942.31
buy,112,4,32.0,154.34,-4958.93
buy,112,5,26.0,188.93,-4932.15
sell,112,7,31.0,160.25,4947.87
buy,112,10,28.0,175.19,-4925.41
buy,112,12,32.0,155.50,-4995.98
buy,112,15,26.0,187.36,-4891.43
buy,112,17,37.0,131.49,-4885.24
buy,112,18,29.0,170.09,-4952.52
buy,119,0,41.0,120.84,-4974.54
sell,119,1,23.0,206.16,4721.58
buy,119,2,141.0,35.22,-4985.39
sell,119,3,123.0,72.08,8845.39
buy,119,4,32.0,154.00,-4947.91
sell,119,5,53.0,189.92,10045.76
buy,119,7,30.0,163.79,-4933.74
buy,119,9,37.0,133.93,-4975.57
sell,119,10,144.0,168.71,24273.78
buy,119,11,32.0,153.46,-4930.75
buy,119,13,24.0,204.33,-4924.02
sell,119,16,111.0,115.27,12774.87
sell,119,18,29.0,170.24,4916.87
sell,126,2,266.0,42.01,11153.64
buy,126,3,71.0,69.36,-4944.45
sell,126,4,95.0,161.76,15347.13
buy,126,6,33.0,150.78,-4995.62
sell,126,7,30.0,162.49,4854.70
sell,126,9,37.0,142.06,5236.12
sell,126,11,32.0,142.74,4547.77
buy,126,13,23.0,211.58,-4886.28
buy,126,14,45.0,109.53,-4948.69
sell,126,15,115.0,194.95,22399.57
buy,126,17,40.0,122.00,-4899.97
buy,133,2,112.0,44.09,-4958.51
buy,133,3,70.0,70.41,-4948.69
buy,133,5,26.0,184.92,-4827.94
buy,133,6,31.0,156.66,-4876.35
buy,133,8,36.0,137.88,-4983.54
buy,133,9,33.0,148.22,-4911.35
buy,133,12,30.0,163.19,-4915.70
buy,133,13,23.0,213.15,-4922.41
sell,133,14,45.0,111.71,5007.09
sell,133,17,77.0,121.38,9326.26
buy,133,19,24.0,206.70,-4980.75
sell,140,0,290.0,119.65,34679.10
buy,140,7,30.0,161.58,-4867.50
sell,140,9,33.0,141.74,4657.56
buy,140,12,29.0,171.25,-4986.11
buy,140,13,23.0,210.92,-4871.13
buy,140,16,46.0,106.06,-4898.58
buy,140,19,24.0,201.69,-4860.55
buy,147,2,121.0,40.92,-4970.79
sell,147,3,141.0,59.62,8386.81
buy,147,5,26.0,185.86,-4852.39
buy,147,6,32.0,154.22,-4955.09
buy,147,7,29.0,168.52,-4907.11
buy,147,9,34.0,145.81,-4977.56
buy,147,11,37.0,134.01,-4978.23
buy,147,13,23.0,216.07,-4989.59
buy,147,17,41.0,120.29,-4951.74
sell,147,19,48.0,201.38,9646.26
buy,154,0,34.0,143.09,-4885.11
buy,154,1,27.0,178.42,-4837.43
sell,154,2,233.0,36.31,8441.16
sell,154,6,125.0,151.73,18946.44
sell,154,7,59.0,167.38,9855.23
sell,154,9,34.0,136.18,4610.22
sell,154,11,37.0,133.33,4913.21
sell,154,12,123.0,178.96,21991.78
buy,154,19,25.0,197.66,-4961.61
buy,161,2,140.0,35.54,-4995.98
buy,161,5,25.0,194.82,-4890.49
buy,161,7,29.0,170.84,-4974.23
buy,161,8,37.0,133.94,-4975.62
buy,161,9,36.0,136.55,-4935.72
buy,161,10,30.0,160.75,-4842.41
buy,161,12,28.0,176.55,-4963.40
buy,161,13,21.0,227.15,-4790.24
sell,161,16,46.0,99.19,4542.73
sell,161,17,41.0,133.10,5437.03
sell,168,1,27.0,178.76,4806.63
sell,168,2,140.0,24.48,3407.35
buy,168,7,29.0,166.98,-4862.47
sell,168,8,73.0,136.84,9969.11
buy,168,11,36.0,135.25,-4889.18
sell,168,12,28.0,180.26,5027.35
sell,168,13,137.0,229.45,31414.24
buy,168,15,25.0,195.52,-4907.92
buy,168,18,26.0,187.79,-4902.58
sell,175,5,77.0,187.56,14422.34
sell,175,10,30.0,164.67,4920.14
buy,175,12,27.0,180.45,-4892.24
buy,175,13,22.0,218.16,-4819.52
buy,175,14,26.0,185.19,-4834.85
sell,175,15,25.0,207.90,5177.39
sell,175,19,25.0,204.03,5080.67
sell,182,0,34.0,152.55,5166.60
buy,182,1,27.0,183.76,-4981.64
buy,182,2,195.0,25.45,-4982.83
buy,182,4,29.0,168.21,-4898.01
buy,182,5,25.0,192.45,-4831.21
buy,182,6,33.0,148.34,-4915.08
sell,182,7,58.0,155.84,9018.99
sell,182,11,36.0,122.03,4373.23
buy,182,12,27.0,180.92,-4904.93
sell,182,14,26.0,184.74,4783.17
buy,182,16,52.0,95.72,-4997.27
sell,189,1,27.0,182.33,4902.99
sell,189,2,195.0,18.84,3654.06
buy,189,4,29.0,168.23,-4898.62
buy,189,6,31.0,159.31,-4958.62
buy,189,8,22.0,223.42,-4935.35
sell,189,9,36.0,136.13,4880.52
buy,189,13,23.0,211.52,-4884.94
sell,189,16,52.0,95.99,4971.69
sell,196,4,58.0,170.20,9851.49
sell,196,6,64.0,153.66,9814.13
buy,196,8,21.0,227.76,-4803.03
sell,196,12,54.0,164.41,8858.41
buy,196,13,23.0,211.32,-4880.41
buy,196,17,35.0,139.55,-4904.31
buy,203,1,27.0,182.68,-4952.28
buy,203,2,334.0,14.87,-4986.45
buy,203,6,31.0,157.07,-4889.31
buy,203,8,19.0,254.84,-4861.96
buy,203,9,32.0,153.51,-4932.44
buy,203,13,24.0,207.13,-4991.20
buy,203,14,27.0,181.70,-4925.82
buy,203,15,23.0,207.78,-4798.97
buy,203,16,53.0,92.85,-4940.92
buy,203,18,28.0,173.50,-4878.13
buy,210,0,29.0,168.53,-4907.51
sell,210,2,334.0,8.51,2823.36
buy,210,4,29.0,169.21,-4927.12
buy,210,5,28.0,175.26,-4927.14
sell,210,6,31.0,162.63,5021.44
buy,210,9,32.0,152.59,-4902.93
sell,210,16,53.0,93.22,4920.43
sell,210,18,54.0,175.30,9446.16
buy,217,0,29.0,169.18,-4926.15
buy,217,1,27.0,182.58,-4949.79
buy,217,4,29.0,169.98,-4949.41
buy,217,7,35.0,142.03,-4991.00
sell,217,8,62.0,267.55,16567.89
buy,217,14,27.0,178.99,-4852.80
buy,224,0,29.0,166.43,-4846.41
buy,224,4,29.0,166.45,-4846.95
sell,224,5,53.0,180.93,9569.50
buy,224,6,29.0,168.97,-4920.26
buy,224,7,34.0,146.29,-4993.72
buy,224,9,30.0,162.37,-4890.97
buy,224,11,33.0,150.00,-4969.99
sell,224,13,92.0,202.60,18619.49
sell,224,14,54.0,181.52,9782.33
buy,224,15,19.0,251.78,-4803.90
sell,224,17,35.0,161.38,5628.30
buy,224,19,27.0,178.35,-4835.56
buy,231,1,26.0,190.17,-4964.49
buy,231,2,313.0,15.88,-4989.63
buy,231,5,27.0,184.26,-4995.12
buy,231,7,33.0,149.97,-4969.07
buy,231,8,19.0,257.04,-4903.79
buy,231,9,30.0,160.98,-4849.49
sell,231,11,33.0,159.99,5259.76
buy,231,15,19.0,249.57,-4761.79
buy,231,17,29.0,166.88,-4859.62
buy,231,18,30.0,160.82,-4844.59
sell,231,19,27.0,172.66,4641.76
buy,238,0,32.0,155.47,-4995.01
sell,238,2,313.0,12.55,3908.60
buy,238,4,30.0,161.33,-4859.89
buy,238,5,26.0,190.97,-4985.21
sell,238,8,19.0,262.57,4968.85
buy,238,12,32.0,153.46,-4930.64
buy,238,17,29.0,168.63,-4910.14
sell,238,18,30.0,160.77,4802.97
buy,245,0,35.0,139.87,-4915.54
sell,245,1,80.0,195.82,15645.55
sell,245,4,117.0,164.76,19257.36
buy,245,5,27.0,183.04,-4962.15
sell,245,6,29.0,148.92,4298.68
buy,245,9,31.0,159.28,-4957.64
sell,245,12,32.0,157.91,5033.00
buy,245,13,25.0,197.81,-4965.33
buy,245,14,27.0,183.01,-4961.25
buy,245,15,19.0,254.73,-4859.95
buy,245,16,333.0,14.91,-4985.17
sell,245,17,58.0,168.08,9728.37
buy,245,19,28.0,176.76,-4969.15
buy,252,0,33.0,150.74,-4994.37
buy,252,1,24.0,202.81,-4887.53
buy,252,2,244.0,20.40,-4997.69
sell,252,7,102.0,139.79,14238.54
buy,252,8,19.0,256.39,-4891.34
sell,252,13,25.0,198.79,4949.87
sell,252,16,333.0,4.05,1329.76
sell,252,19,28.0,176.38,4918.56
sell,259,0,187.0,149.38,27914.79
buy,259,1,23.0,207.77,-4798.78
sell,259,5,80.0,171.80,13723.62
sell,259,8,19.0,254.84,4822.02
buy,259,9,32.0,151.37,-4863.91
buy,259,11,30.0,160.68,-4840.41
sell,259,14,27.0,191.58,5152.73
buy,266,0,33.0,148.03,-4905.02
sell,266,1,47.0,212.60,9972.30
buy,266,4,30.0,164.57,-4957.04
buy,266,5,30.0,162.74,-4902.16
buy,266,6,35.0,139.33,-4896.58
buy,266,8,19.0,251.15,-4791.93
sell,266,9,187.0,145.85,27253.03
buy,266,10,86.0,57.59,-4972.94
buy,266,11,30.0,162.15,-4884.43
buy,266,12,34.0,144.49,-4932.66
buy,266,13,25.0,198.16,-4973.88
buy,266,14,27.0,183.68,-4979.24
buy,266,15,18.0,263.02,-4754.44
buy,266,17,30.0,164.90,-4967.08
buy,266,19,28.0,174.10,-4894.70
sell,273,2,244.0,19.70,4786.67
buy,273,4,29.0,169.05,-4922.40
buy,273,5,30.0,163.32,-4919.65
buy,273,6,34.0,145.88,-4980.01
buy,273,9,36.0,136.21,-4923.46
sell,273,10,86.0,58.95,5050.05
buy,273,11,30.0,164.89,-4966.80
buy,273,12,35.0,141.90,-4986.56
sell,273,15,98.0,255.41,25010.54
sell,273,17,30.0,162.58,4857.28
sell,273,19,28.0,174.04,4853.05
buy,280,2,219.0,22.68,-4986.77
sell,280,4,59.0,176.47,10391.72
sell,280,5,60.0,167.12,10007.08
buy,280,7,38.0,128.45,-4900.98
buy,280,8,19.0,253.73,-4840.84
sell,280,9,36.0,130.51,4678.27
buy,280,11,31.0,158.65,-4938.30
sell,280,12,69.0,143.38,9873.31
buy,280,13,26.0,190.68,-4977.60
sell,280,14,27.0,192.49,5177.12
buy,287,0,31.0,158.96,-4947.65
buy,287,2,167.0,29.74,-4986.03
buy,287,4,29.0,167.50,-4877.44
buy,287,5,29.0,170.31,-4958.88
buy,287,6,35.0,138.73,-4875.47
sell,287,7,38.0,113.87,4306.98
buy,287,8,19.0,253.46,-4835.73
buy,287,11,29.0,166.28,-4842.22
buy,287,12,35.0,140.94,-4952.93
buy,287,13,26.0,190.45,-4971.59
buy,287,14,24.0,199.22,-4801.25
sell,294,0,64.0,155.62,9939.76
buy,294,1,25.0,196.02,-4920.57
buy,294,2,162.0,30.69,-4992.09
sell,294,4,29.0,189.52,5476.12
buy,294,7,46.0,107.80,-4978.89
sell,294,11,150.0,153.06,22939.38
sell,294,12,35.0,141.76,4941.47
sell,294,14,24.0,192.80,4607.25
buy,294,18,28.0,171.90,-4833.10
buy,301,6,37.0,134.12,-4982.61
sell,301,7,46.0,107.19,4910.93
buy,301,8,20.0,248.23,-4984.53
buy,301,9,38.0,129.77,-4951.18
sell,301,18,28.0,171.27,4775.65
buy,308,0,30.0,162.37,-4891.09
buy,308,2,150.0,33.09,-4982.98
buy,308,4,25.0,197.72,-4962.98
buy,308,7,47.0,105.80,-4992.78
buy,308,8,19.0,251.67,-4801.80
buy,308,10,105.0,47.32,-4988.85
buy,308,12,34.0,142.95,-4880.22
sell,308,13,77.0,190.95,14682.82
buy,308,17,25.0,193.35,-4853.68
buy,308,18,28.0,175.76,-4941.37
sell,315,0,30.0,142.72,4261.52
sell,315,1,25.0,183.69,4572.27
buy,315,2,148.0,33.55,-4984.83
buy,315,4,26.0,190.21,-4965.38
sell,315,6,141.0,134.46,18938.40
buy,315,7,45.0,109.31,-4938.95
buy,315,8,19.0,249.84,-4767.03
buy,315,9,34.0,146.10,-4987.44
sell,315,10,105.0,45.14,4719.39
buy,315,11,36.0,138.26,-4997.42
buy,315,12,34.0,143.59,-4901.98
buy,315,14,26.0,186.33,-4864.70
buy,315,15,33.0,146.51,-4854.71
buy,315,17,26.0,185.46,-4842.02
buy,322,5,27.0,179.48,-4865.94
sell,322,7,92.0,109.29,10035.03
buy,322,9,33.0,150.16,-4975.18
buy,322,10,120.0,41.38,-4985.08
buy,322,11,35.0,141.86,-4985.02
buy,322,14,27.0,178.25,-4832.64
buy,322,15,34.0,146.14,-4988.69
sell,322,17,51.0,186.75,9504.24
sell,322,18,28.0,172.55,4811.45
buy,329,2,173.0,28.75,-4993.00
sell,329,5,56.0,156.36,8736.36
sell,329,9,105.0,152.40,15982.19
sell,329,12,68.0,94.30,6392.15
sell,329,14,53.0,179.52,9494.51
buy,329,17,27.0,179.56,-4868.11
buy,336,0,36.0,136.22,-4924.04
sell,336,2,1019.0,31.73,32311.63
buy,336,4,26.0,186.12,-4859.09
buy,336,5,30.0,161.34,-4860.10
buy,336,6,31.0,157.59,-4905.36
buy,336,7,52.0,94.91,-4955.51
sell,336,8,115.0,248.83,28595.68
buy,336,10,67.0,74.18,-4990.17
sell,336,11,71.0,142.89,10124.99
buy,336,14,26.0,189.97,-4959.19
buy,336,15,30.0,161.74,-4872.22
sell,343,4,77.0,187.55,14421.60
buy,343,6,32.0,154.26,-4956.47
buy,343,7,54.0,90.92,-4929.86
buy,343,12,55.0,89.44,-4939.42
sell,343,14,26.0,190.55,4934.31
buy,343,15,30.0,164.54,-4956.23
sell,343,17,27.0,173.39,4661.62
sell,350,0,36.0,160.12,5744.44
buy,350,1,28.0,177.73,-4996.57
buy,350,2,183.0,27.13,-4985.63
sell,350,5,30.0,161.94,4838.34
buy,350,6,33.0,147.86,-4899.50
sell,350,10,187.0,69.68,13010.27
buy,350,12,58.0,85.41,-4973.74
buy,350,13,25.0,196.84,-4940.90
buy,350,15,30.0,162.85,-4905.55
sell,357,1,28.0,171.97,4795.16
buy,357,8,18.0,263.65,-4765.61
sell,357,13,25.0,212.55,5293.80
buy,357,14,24.0,200.00,-4820.02
sell,357,15,157.0,144.31,22636.68
buy,364,0,31.0,157.44,-4900.51
buy,364,4,26.0,191.29,-4993.50
buy,364,5,24.0,201.93,-4866.41
buy,364,6,34.0,143.34,-4893.50
buy,364,7,52.0,94.20,-4918.60
buy,364,8,19.0,258.65,-4934.37
buy,364,11,37.0,131.92,-4901.18
buy,364,12,59.0,84.18,-4986.77
buy,364,14,24.0,203.95,-4914.77
buy,364,15,66.0,74.67,-4948.04
buy,364,17,30.0,163.39,-4921.57
buy,364,18,26.0,185.64,-4846.64
buy,364,19,39.0,126.11,-4938.26
sell,371,0,31.0,155.04,4786.18
buy,371,1,30.0,163.92,-4937.74
buy,371,2,147.0,33.67,-4969.04
buy,371,4,25.0,198.31,-4977.83
buy,371,5,24.0,203.55,-4905.18
buy,371,6,33.0,146.67,-4860.10
sell,371,8,37.0,259.96,9598.44
buy,371,11,39.0,125.39,-4910.26
sell,371,12,172.0,84.97,14595.12
buy,371,13,23.0,208.32,-4811.40
sell,371,14,48.0,205.54,9846.14
buy,371,17,29.0,169.97,-4949.27
sell,371,18,26.0,125.69,3247.91
sell,378,1,30.0,163.52,4885.74
sell,378,2,330.0,30.31,9983.25
buy,378,6,32.0,155.30,-4989.62
buy,378,7,51.0,97.33,-4983.84
buy,378,9,29.0,167.40,-4874.49
buy,378,10,47.0,104.65,-4938.44
sell,378,11,76.0,127.05,9635.63
buy,378,18,56.0,88.26,-4962.55
sell,378,19,39.0,132.09,5131.65
buy,385,1,28.0,175.75,-4940.86
buy,385,4,27.0,181.59,-4922.90
buy,385,5,24.0,206.47,-4975.17
buy,385,6,31.0,159.72,-4971.17
sell,385,7,209.0,101.00,21088.98
buy,385,8,19.0,261.64,-4991.25
buy,385,9,28.0,171.76,-4829.29
sell,385,10,47.0,108.17,5063.96
sell,385,13,23.0,206.19,4722.45
buy,385,15,251.0,19.77,-4981.53
buy,385,17,29.0,170.71,-4970.72
sell,392,1,28.0,199.38,5562.51
buy,392,4,29.0,170.82,-4973.83
sell,392,5,72.0,199.38,14335.13
sell,392,6,226.0,160.83,36327.31
buy,392,8,18.0,262.76,-4749.61
sell,392,9,57.0,170.77,9713.96
buy,392,12,52.0,95.29,-4975.25
buy,392,14,22.0,221.61,-4895.35
sell,392,15,317.0,19.43,6138.22
buy,392,17,29.0,168.95,-4919.46
sell,392,18,56.0,95.79,5343.97
buy,392,19,27.0,183.17,-4965.71
buy,399,0,33.0,149.72,-4960.68
buy,399,4,29.0,167.93,-4890.08
buy,399,8,19.0,261.13,-4981.53
buy,399,10,49.0,101.19,-4978.15
buy,399,13,23.0,208.44,-4814.14
buy,399,15,424.0,11.73,-4992.39
buy,399,17,29.0,171.27,-4986.81
buy,399,19,28.0,175.23,-4926.48
sell,406,4,136.0,173.37,23558.97
buy,406,6,29.0,167.05,-4864.50
sell,406,8,56.0,259.27,14499.21
sell,406,10,49.0,93.69,4570.57
sell,406,12,52.0,95.38,4939.57
sell,406,13,23.0,210.18,4814.21
buy,406,14,23.0,215.97,-4987.26
buy,413,0,31.0,156.64,-4875.89
buy,413,2,123.0,40.24,-4969.70
buy,413,4,29.0,169.31,-4930.02
buy,413,7,47.0,105.26,-4967.41
sell,413,15,424.0,12.50,5279.16
buy,413,19,27.0,183.30,-4969.15
buy,420,4,28.0,176.61,-4965.21
buy,420,5,30.0,164.59,-4957.79
buy,420,6,29.0,168.54,-4907.76
buy,420,7,45.0,109.50,-4947.49
buy,420,12,50.0,98.08,-4924.18
buy,420,13,25.0,197.21,-4950.30
buy,420,14,20.0,248.88,-4997.59
sell,420,17,146.0,169.58,24739.24
buy,420,18,52.0,95.74,-4998.53
sell,420,19,82.0,190.57,15607.05
sell,427,0,64.0,151.48,9674.83
sell,427,4,57.0,178.60,10160.31
buy,427,5,31.0,160.13,-4984.07
buy,427,10,116.0,42.88,-4993.71
buy,427,11,39.0,125.97,-4932.80
sell,427,12,50.0,92.91,4625.35
sell,427,13,25.0,204.33,5088.33
buy,427,14,18.0,264.00,-4771.95
buy,427,17,30.0,164.97,-4969.13
buy,434,2,126.0,39.32,-4974.85
buy,434,4,27.0,180.90,-4904.40
buy,434,5,30.0,161.73,-4871.93
buy,434,7,42.0,118.46,-4995.13
buy,434,9,22.0,220.99,-4881.76
buy,434,10,141.0,35.07,-4965.31
sell,434,11,39.0,127.20,4940.65
buy,434,12,50.0,99.15,-4977.72
buy,434,13,24.0,204.09,-4918.07
buy,434,14,15.0,312.24,-4703.60
buy,434,15,546.0,9.11,-4996.18
sell,434,18,52.0,104.83,5431.12
buy,441,2,126.0,39.50,-4996.61
sell,441,4,27.0,161.21,4332.69
sell,441,5,91.0,166.51,15132.13
sell,441,6,58.0,166.47,9635.12
buy,441,7,44.0,112.49,-4969.66
sell,441,9,22.0,216.49,4742.80
buy,441,10,143.0,34.78,-4993.81
buy,441,12,56.0,87.75,-4934.13
sell,441,14,98.0,366.44,35891.59
buy,441,15,511.0,9.74,-4998.65
sell,441,17,30.0,162.02,4840.60
buy,441,18,37.0,134.22,-4986.30
buy,441,19,38.0,128.82,-4915.30
sell,448,2,375.0,31.43,11764.73
buy,448,6,30.0,165.78,-4993.32
sell,448,7,178.0,104.38,18560.47
buy,448,11,38.0,129.64,-4946.16
buy,448,12,60.0,82.91,-4994.68
sell,448,13,24.0,201.43,4814.23
sell,448,15,1057.0,3.36,3529.41
sell,448,18,37.0,149.99,5529.53
buy,455,1,24.0,200.96,-4843.10
buy,455,4,32.0,154.95,-4978.36
sell,455,6,30.0,172.09,5142.64
buy,455,10,105.0,47.33,-4989.48
sell,455,11,38.0,138.27,5234.14
buy,455,12,57.0,86.95,-4975.90
buy,455,13,25.0,195.65,-4911.23
buy,455,14,13.0,358.55,-4681.19
buy,462,4,30.0,161.39,-4861.69
buy,462,11,38.0,129.79,-4952.13
buy,462,12,53.0,93.03,-4950.77
buy,462,13,25.0,197.93,-4968.33
sell,462,14,13.0,353.61,4576.96
buy,469,0,33.0,149.29,-4946.73
sell,469,1,24.0,214.12,5118.80
sell,469,4,62.0,163.88,10140.62
buy,469,9,24.0,205.28,-4946.71
buy,469,11,41.0,119.59,-4923.30
buy,476,7,55.0,89.04,-4917.45
buy,476,8,31.0,159.85,-4975.24
sell,476,9,24.0,208.06,4973.54
buy,476,10,105.0,47.28,-4984.30
buy,476,12,51.0,95.87,-4909.62
buy,476,13,24.0,202.03,-4868.76
buy,476,14,14.0,350.76,-4930.67
sell,476,19,38.0,118.42,4480.09
buy,483,6,28.0,174.90,-4917.28
buy,483,7,51.0,96.07,-4919.56
buy,483,8,33.0,146.63,-4858.89
buy,483,9,23.0,209.18,-4831.20
sell,483,12,327.0,91.44,29881.26
buy,483,14,14.0,352.38,-4953.35
buy,483,18,33.0,150.67,-4992.11
sell,490,7,106.0,108.80,11513.14
sell,490,9,23.0,204.45,4682.36
sell,490,11,79.0,130.70,10305.37
buy,497,0,34.0,146.24,-4992.23
buy,497,4,26.0,189.37,-4943.69
buy,497,7,42.0,118.01,-4976.44
buy,497,8,29.0,166.11,-4837.17
sell,497,10,610.0,39.13,23850.93
buy,497,11,41.0,120.88,-4975.92
buy,497,12,61.0,81.44,-4987.76
buy,497,13,25.0,192.06,-4821.52
sell,497,14,28.0,351.79,9830.16
buy,497,18,32.0,153.39,-4928.51
buy,504,0,35.0,142.02,-4990.61
buy,504,1,23.0,215.63,-4979.43
buy,504,5,31.0,160.60,-4998.45
buy,504,6,26.0,186.51,-4869.35
buy,504,7,38.0,129.71,-4948.81
sell,504,12,61.0,58.89,3572.32
buy,504,14,14.0,352.48,-4954.73
sell,511,0,102.0,150.22,15302.55
buy,511,1,22.0,219.81,-4855.78
buy,511,6,26.0,188.87,-4930.60
buy,511,7,39.0,124.64,-4881.07
buy,511,10,130.0,38.13,-4976.98
sell,511,13,99.0,199.71,19751.49
buy,511,14,14.0,354.59,-4984.31
buy,511,19,52.0,94.65,-4941.89
buy,518,0,31.0,156.13,-4859.99
buy,518,1,22.0,221.16,-4885.55
sell,518,4,26.0,194.53,5037.86
sell,518,7,119.0,124.76,14826.14
buy,518,8,29.0,169.38,-4932.02
buy,518,9,24.0,203.85,-4912.38
sell,518,11,41.0,181.59,7425.00
buy,518,12,168.0,29.58,-4989.70
sell,518,14,28.0,360.06,10061.75
buy,518,18,33.0,149.09,-4939.94
sell,518,19,52.0,96.76,5011.56
sell,525,0,31.0,157.20,4853.34
sell,525,1,67.0,224.97,15052.76
buy,525,6,27.0,182.37,-4944.01
buy,525,7,37.0,131.43,-4883.09
buy,525,8,29.0,167.52,-4878.15
buy,525,10,96.0,51.36,-4950.91
buy,525,11,26.0,186.33,-4864.70
sell,525,12,168.0,33.93,5680.71
sell,525,18,98.0,149.07,14588.54
buy,532,0,31.0,156.91,-4884.24
buy,532,5,31.0,160.02,-4980.68
sell,532,6,107.0,183.68,19633.29
buy,532,7,35.0,138.88,-4880.91
sell,532,10,226.0,105.48,23819.38
buy,532,18,34.0,146.28,-4993.57
sell,539,0,31.0,154.29,4762.99
sell,539,5,62.0,164.83,10199.57
sell,539,7,72.0,137.15,9854.60
buy,539,8,29.0,171.34,-4988.94
buy,539,9,22.0,225.13,-4972.96
buy,539,11,25.0,191.55,-4808.70
buy,539,17,29.0,169.72,-4941.98
buy,539,18,34.0,144.33,-4927.22
buy,546,1,22.0,219.92,-4858.26
buy,546,4,27.0,183.15,-4965.10
buy,546,5,30.0,161.45,-4863.52
buy,546,6,27.0,179.54,-4867.68
sell,546,8,180.0,178.00,32019.97
buy,546,9,23.0,213.30,-4925.91
buy,546,11,25.0,192.72,-4837.88
buy,546,13,24.0,205.76,-4958.35
sell,553,1,22.0,229.97,5039.39
sell,553,4,27.0,185.75,4995.16
buy,553,9,27.0,182.30,-4942.00
sell,553,11,76.0,188.72,14322.52
buy,553,12,90.0,55.02,-4971.77
buy,553,14,13.0,372.53,-4862.83
sell,553,17,29.0,159.03,4592.00
sell,553,18,68.0,161.51,10962.58
buy,560,1,20.0,237.44,-4768.85
sell,560,5,30.0,150.73,4502.00
buy,560,6,28.0,176.25,-4955.00
buy,560,7,100.0,49.34,-4953.70
buy,560,9,30.0,165.01,-4970.21
buy,560,10,35.0,139.66,-4908.10
buy,560,14,13.0,372.97,-4868.62
buy,560,19,48.0,103.60,-4992.77
buy,567,1,20.0,238.26,-4785.10
buy,567,8,27.0,181.48,-4919.93
buy,567,10,38.0,129.03,-4923.04
buy,567,11,26.0,186.38,-4865.91
sell,567,12,90.0,50.61,4534.48
sell,567,13,24.0,176.93,4226.22
sell,567,14,26.0,359.22,9319.75
buy,567,17,31.0,160.51,-4995.73
buy,567,19,50.0,99.56,-4997.82
buy,574,0,39.0,125.67,-4921.13
buy,574,5,31.0,156.63,-4875.50
sell,574,6,55.0,177.29,9730.94
sell,574,8,27.0,178.24,4792.57
sell,574,9,126.0,158.69,19974.45
sell,574,17,31.0,159.75,4932.14
buy,574,18,34.0,145.21,-4957.08
buy,574,19,45.0,108.54,-4904.16
sell,581,1,40.0,232.88,9295.01
buy,581,4,23.0,210.06,-4851.30
sell,581,5,31.0,155.54,4801.76
buy,581,7,93.0,53.04,-4952.45
sell,581,11,26.0,205.68,5327.62
buy,581,18,33.0,147.85,-4899.20
buy,581,19,52.0,94.68,-4943.11
buy,588,0,43.0,113.27,-4890.80
buy,588,7,93.0,53.19,-4967.12
buy,588,8,30.0,161.56,-4866.79
buy,588,11,24.0,201.08,-4846.02
buy,588,19,61.0,81.48,-4990.57
sell,595,0,82.0,113.82,9313.02
buy,595,1,22.0,223.47,-4936.39
buy,595,5,31.0,159.88,-4976.38
sell,595,7,286.0,46.29,13219.09
sell,595,8,30.0,155.50,4644.97
buy,595,10,41.0,119.09,-4902.59
sell,595,11,24.0,199.40,4765.54
buy,595,17,30.0,161.36,-4860.77
buy,595,18,32.0,153.17,-4921.46
buy,595,19,68.0,73.08,-4989.76
sell,602,1,22.0,221.99,4863.88
sell,602,4,23.0,213.60,4892.78
sell,602,5,31.0,158.00,4877.90
buy,602,6,25.0,197.45,-4956.16
buy,602,7,84.0,58.64,-4945.82
buy,602,8,32.0,154.23,-4955.22
buy,602,9,34.0,142.83,-4876.11
buy,602,10,42.0,115.92,-4888.85
buy,602,11,24.0,200.58,-4833.81
buy,602,12,48.0,102.56,-4942.65
buy,602,14,13.0,382.50,-4992.55
sell,602,17,30.0,155.89,4656.73
buy,602,18,31.0,158.33,-4928.28
buy,602,19,69.0,71.19,-4932.22
buy,609,4,23.0,212.92,-4917.08
buy,609,5,31.0,159.03,-4949.99
sell,609,6,25.0,193.76,4823.98
buy,609,7,88.0,56.47,-4989.21
sell,609,8,32.0,158.44,5050.21
sell,609,9,34.0,140.11,4743.78
buy,609,10,41.0,120.21,-4948.77
buy,609,11,25.0,195.72,-4912.95
sell,609,12,48.0,130.15,6227.30
buy,609,13,29.0,171.23,-4985.71
buy,609,19,63.0,78.09,-4939.77
buy,616,1,21.0,230.45,-4859.37
sell,616,4,23.0,210.34,4817.92
buy,616,5,32.0,155.05,-4981.68
buy,616,8,30.0,160.92,-4847.63
buy,616,9,33.0,147.71,-4894.55
sell,616,10,197.0,116.53,22936.18
sell,616,14,13.0,395.37,5119.78
buy,616,17,32.0,154.38,-4960.14
sell,616,19,456.0,85.73,39074.75
buy,623,0,61.0,80.72,-4943.87
buy,623,4,23.0,216.39,-4997.06
buy,623,5,31.0,156.29,-4864.97
buy,623,6,24.0,202.63,-4883.08
sell,623,7,172.0,59.20,10162.00
buy,623,8,30.0,161.76,-4872.74
buy,623,10,42.0,117.12,-4938.90
sell,623,11,49.0,185.66,9077.42
sell,623,13,29.0,176.79,5106.88
buy,623,17,34.0,146.44,-4998.92
buy,623,19,54.0,92.11,-4993.69
sell,630,0,61.0,87.88,5340.70
buy,630,1,22.0,223.65,-4940.26
sell,630,4,23.0,217.52,4983.03
buy,630,5,32.0,151.61,-4871.46
sell,630,6,24.0,202.05,4829.10
buy,630,8,31.0,156.61,-4874.80
sell,630,10,42.0,112.54,4706.67
buy,630,11,25.0,191.76,-4813.95
buy,630,13,29.0,169.15,-4925.30
buy,630,17,34.0,144.31,-4926.49
sell,630,19,54.0,85.51,4597.33
buy,637,0,54.0,91.67,-4970.17
buy,637,1,22.0,222.45,-4913.92
buy,637,9,35.0,142.26,-4999.05
sell,637,11,25.0,189.13,4708.32
buy,637,14,12.0,406.48,-4897.76
sell,637,17,100.0,144.97,14477.23
sell,644,0,54.0,91.52,4922.33
buy,644,1,22.0,221.36,-4889.98
sell,644,5,126.0,148.15,18647.47
buy,644,12,38.0,130.73,-4987.63
buy,644,13,27.0,179.52,-4866.93
buy,644,14,12.0,404.18,-4870.15
sell,644,18,130.0,159.41,20703.16
sell,651,9,68.0,140.48,9532.48
buy,651,12,40.0,124.27,-4990.78
buy,651,13,27.0,179.09,-4855.49
buy,651,14,12.0,394.50,-4753.96
buy,651,17,36.0,136.97,-4950.96
sell,658,1,87.0,216.42,18808.71
buy,658,4,25.0,194.13,-4873.22
buy,658,5,31.0,159.63,-4968.65
sell,658,8,91.0,132.00,11991.82
buy,658,9,37.0,134.00,-4978.12
buy,658,10,46.0,107.43,-4961.79
buy,658,12,40.0,121.63,-4885.03
sell,658,13,83.0,181.88,15076.45
buy,658,14,12.0,390.86,-4710.36
sell,658,17,36.0,137.71,4937.68
buy,665,0,57.0,85.95,-4919.38
sell,665,5,31.0,154.31,4763.46
buy,665,11,25.0,197.71,-4962.81
buy,665,12,40.0,122.76,-4930.49
buy,665,13,27.0,178.74,-4846.10
buy,665,14,12.0,390.94,-4711.26
buy,665,18,34.0,143.78,-4908.60
buy,672,0,55.0,90.45,-4994.81
buy,672,4,26.0,189.32,-4942.37
buy,672,8,37.0,131.46,-4884.01
buy,672,9,36.0,135.51,-4898.38
sell,672,10,46.0,120.40,5518.59
sell,672,11,25.0,195.87,4876.65
buy,672,13,27.0,183.67,-4979.04
buy,672,18,35.0,141.25,-4963.84
buy,679,0,52.0,95.50,-4985.85
buy,679,8,40.0,122.12,-4904.94
sell,679,9,73.0,141.25,10291.04
buy,679,10,40.0,122.98,-4939.38
sell,679,12,158.0,129.66,20466.41
buy,679,14,12.0,384.28,-4631.33
sell,679,18,69.0,138.52,9538.04
buy,686,0,46.0,105.98,-4895.06
buy,686,1,21.0,230.34,-4857.05
buy,686,10,41.0,119.77,-4930.54
buy,686,11,24.0,204.07,-4917.68
sell,686,13,54.0,194.83,10501.04
sell,686,14,72.0,380.81,27398.02
buy,693,0,44.0,111.80,-4938.98
buy,693,1,22.0,224.60,-4961.28
sell,693,4,51.0,217.95,11095.34
sell,693,8,77.0,119.16,9155.15
buy,693,9,36.0,136.29,-4926.40
sell,693,11,24.0,200.73,4797.50
buy,693,13,25.0,196.68,-4936.90
buy,693,14,13.0,377.72,-4930.30
buy,700,0,46.0,106.23,-4906.69
sell,700,1,43.0,220.04,9441.64
buy,700,4,18.0,265.24,-4794.23
buy,700,6,25.0,197.34,-4953.57
buy,700,9,37.0,132.99,-4940.74
buy,700,11,24.0,206.54,-4977.00
buy,700,13,22.0,222.11,-4906.51
buy,700,17,36.0,134.96,-4878.67
buy,707,0,44.0,112.86,-4986.03
sell,707,4,18.0,287.43,5153.75
buy,707,5,32.0,153.46,-4930.76
buy,707,6,25.0,198.59,-4984.82
buy,707,7,71.0,70.05,-4993.71
buy,707,9,40.0,124.46,-4998.44
buy,707,10,39.0,127.29,-4984.41
buy,707,11,23.0,216.04,-4988.94
buy,707,12,37.0,133.90,-4974.30
sell,707,14,13.0,377.04,4881.50
sell,707,17,36.0,138.94,4982.01
buy,714,1,22.0,221.69,-4897.22
buy,714,7,75.0,65.73,-4949.48
sell,714,9,113.0,125.60,14172.68
buy,714,11,22.0,226.30,-4998.57
buy,714,13,21.0,236.48,-4986.17
sell,721,0,344.0,118.15,40624.22
buy,721,4,17.0,290.09,-4951.61
buy,721,5,32.0,154.03,-4949.10
sell,721,6,50.0,161.67,8063.72
sell,721,7,146.0,63.92,9312.32
buy,721,8,40.0,121.70,-4887.91
sell,721,12,37.0,124.78,4596.95
buy,721,13,21.0,227.50,-4797.49
buy,721,14,14.0,354.86,-4987.98
buy,721,17,38.0,129.11,-4926.33
buy,728,4,17.0,290.24,-4954.05
buy,728,6,31.0,159.04,-4950.21
buy,728,8,38.0,127.83,-4877.45
sell,728,10,120.0,105.05,12585.90
buy,728,11,23.0,216.12,-4990.66
sell,728,13,89.0,228.56,20322.08
buy,728,14,14.0,353.42,-4967.92
buy,728,17,41.0,120.93,-4978.31
buy,728,18,32.0,154.31,-4958.06
sell,735,4,34.0,293.30,9952.25
buy,735,6,32.0,154.71,-4970.66
buy,735,8,42.0,116.23,-4901.79
buy,735,10,50.0,98.47,-4943.26
sell,735,11,92.0,220.65,20280.24
sell,735,17,79.0,128.33,10118.08
buy,742,0,46.0,106.76,-4931.10
sell,742,1,22.0,216.21,4736.62
buy,742,4,16.0,300.29,-4824.63
sell,742,5,64.0,167.00,10668.11
sell,742,6,63.0,145.37,9138.41
sell,742,8,120.0,119.23,14287.47
buy,742,9,40.0,122.79,-4931.47
sell,749,0,46.0,106.83,4894.07
buy,749,1,23.0,213.92,-4940.09
buy,749,6,36.0,138.20,-4995.32
buy,749,9,37.0,131.43,-4882.81
buy,749,14,14.0,342.39,-4813.42
buy,749,18,31.0,157.52,-4903.03
buy,756,1,19.0,255.96,-4883.16
sell,756,4,16.0,290.13,4622.11
buy,756,5,29.0,169.85,-4945.65
buy,756,6,38.0,128.62,-4907.44
buy,756,10,42.0,116.21,-4900.70
buy,756,11,23.0,210.32,-4857.46
buy,756,12,41.0,119.77,-4930.68
buy,763,0,46.0,106.19,-4904.82
sell,763,5,29.0,178.17,5146.86
sell,763,6,74.0,121.08,8939.72
buy,763,8,39.0,126.36,-4948.22
sell,763,9,77.0,143.12,11000.30
sell,763,10,92.0,118.58,10889.30
sell,763,11,23.0,212.52,4868.06
buy,763,12,40.0,123.43,-4957.33
sell,763,14,42.0,344.54,14450.57
buy,770,0,52.0,95.22,-4971.23
buy,770,14,14.0,348.91,-4904.69
sell,770,18,63.0,159.20,10009.38
buy,770,19,159.0,31.23,-4986.04
buy,777,4,16.0,293.63,-4718.04
buy,777,6,42.0,116.24,-4902.03
buy,777,8,39.0,127.12,-4977.86
buy,777,12,41.0,118.94,-4896.51
sell,777,14,14.0,353.63,4930.79
buy,777,17,45.0,109.09,-4928.94
sell,777,19,159.0,29.30,4639.04
sell,784,0,98.0,83.56,8168.57
buy,784,1,18.0,269.26,-4866.62
buy,784,4,17.0,289.11,-4934.84
buy,784,6,42.0,117.33,-4947.82
buy,784,8,34.0,146.27,-4993.12
buy,784,9,39.0,126.72,-4962.27
buy,784,10,35.0,139.15,-4890.30
buy,784,12,42.0,116.67,-4920.12
buy,784,14,13.0,358.91,-4685.79
buy,784,19,176.0,28.19,-4981.49
sell,791,1,60.0,265.28,15896.54
buy,791,4,16.0,308.87,-4961.85
sell,791,8,112.0,154.79,17316.94
buy,791,10,32.0,151.34,-4862.82
buy,791,14,13.0,361.75,-4722.80
sell,791,17,45.0,110.73,4962.91
buy,798,1,18.0,276.02,-4988.36
buy,798,4,15.0,312.56,-4708.34
buy,798,8,33.0,149.37,-4949.16
sell,798,9,39.0,109.67,4257.18
sell,798,10,67.0,142.34,9516.78
buy,798,12,43.0,115.42,-4982.88
buy,798,17,42.0,116.56,-4915.56
buy,805,0,67.0,74.06,-4982.32
buy,805,4,15.0,330.94,-4984.14
sell,805,12,207.0,111.21,23001.30
buy,805,13,23.0,209.25,-4832.73
sell,805,14,26.0,359.25,9320.48
buy,805,19,200.0,24.84,-4988.17
buy,812,0,71.0,69.17,-4930.90
sell,812,1,18.0,270.62,4851.16
sell,812,4,79.0,340.21,26856.86
buy,812,5,23.0,208.64,-4818.76
buy,812,12,46.0,106.73,-4929.74
buy,812,13,27.0,181.00,-4906.99
buy,812,17,40.0,122.12,-4904.73
sell,819,5,23.0,199.37,4565.52
buy,819,6,36.0,134.73,-4870.32
buy,819,8,32.0,153.50,-4931.93
buy,819,10,34.0,146.32,-4994.78
sell,819,13,50.0,180.63,9011.52
buy,819,17,40.0,123.91,-4976.39
buy,826,0,61.0,80.77,-4947.08
sell,826,6,120.0,135.72,16266.32
buy,826,8,33.0,146.80,-4864.48
buy,826,11,25.0,196.93,-4943.21
sell,826,12,46.0,92.70,4244.32
buy,826,18,32.0,155.26,-4988.30
sell,826,19,376.0,25.44,9544.07
buy,833,1,18.0,271.07,-4899.19
buy,833,5,24.0,204.32,-4923.74
buy,833,8,33.0,150.77,-4995.26
buy,833,10,33.0,148.52,-4921.18
buy,833,19,210.0,23.65,-4986.61
buy,840,0,69.0,71.23,-4934.55
buy,840,1,18.0,274.04,-4952.68
buy,840,4,14.0,352.47,-4954.59
buy,840,5,24.0,207.49,-4999.65
buy,840,6,39.0,126.06,-4936.45
buy,840,8,33.0,149.70,-4960.22
buy,840,10,35.0,141.94,-4987.94
buy,840,12,50.0,99.43,-4991.71
buy,840,13,27.0,179.16,-4857.37
sell,840,17,122.0,127.49,15534.01
sell,840,18,32.0,161.20,5138.54
sell,847,0,268.0,64.24,17195.42
buy,847,1,18.0,266.84,-4823.19
buy,847,4,14.0,350.75,-4930.52
buy,847,6,38.0,129.68,-4947.70
sell,847,10,102.0,147.01,14975.16
buy,847,11,25.0,196.43,-4930.66
sell,847,12,50.0,113.77,5668.57
buy,847,14,14.0,347.27,-4881.84
buy,847,17,40.0,122.97,-4938.97
buy,854,1,18.0,264.87,-4787.59
sell,854,8,164.0,158.01,25893.24
buy,854,10,34.0,144.65,-4938.04
buy,854,11,24.0,201.34,-4852.13
buy,854,19,134.0,37.05,-4984.53
buy,861,1,19.0,254.98,-4864.53
sell,861,4,28.0,332.33,9285.16
buy,861,5,19.0,253.15,-4829.80
buy,861,8,30.0,162.96,-4908.75
buy,861,9,63.0,78.53,-4967.70
buy,861,10,35.0,142.09,-4993.09
sell,861,13,27.0,174.04,4679.13
sell,861,14,14.0,358.55,4999.76
buy,861,17,38.0,130.87,-4993.12
buy,861,18,30.0,162.12,-4883.64
sell,861,19,344.0,32.09,11019.38
buy,868,0,116.0,42.80,-4984.46
buy,868,1,19.0,253.36,-4833.77
buy,868,5,15.0,313.54,-4723.06
sell,868,6,77.0,108.79,8356.45
sell,868,8,30.0,164.29,4908.70
buy,868,9,57.0,86.12,-4929.12
buy,868,10,36.0,136.76,-4943.22
buy,868,12,44.0,112.95,-4989.69
buy,868,14,13.0,357.39,-4666.05
buy,868,17,36.0,135.44,-4895.97
buy,868,18,31.0,158.65,-4938.26
sell,875,0,116.0,45.40,5246.80
buy,875,1,19.0,250.75,-4784.22
buy,875,5,16.0,303.66,-4878.57
buy,875,6,54.0,91.83,-4978.85
sell,875,9,120.0,89.03,10663.73
buy,875,10,38.0,130.80,-4990.34
sell,875,11,74.0,196.00,14484.01
sell,875,12,44.0,112.22,4917.58
buy,875,13,29.0,169.62,-4938.87
sell,875,14,13.0,352.35,4560.60
sell,875,17,114.0,123.31,14037.15
buy,875,18,30.0,161.33,-4860.01
buy,875,19,156.0,31.73,-4970.34
sell,882,1,129.0,246.51,31780.39
buy,882,4,15.0,330.17,-4972.60
sell,882,10,143.0,137.02,19574.38
buy,882,12,47.0,105.37,-4972.27
buy,882,14,14.0,348.55,-4899.73
sell,882,18,91.0,160.43,14578.74
buy,889,1,20.0,246.50,-4949.94
sell,889,4,15.0,330.06,4930.89
sell,889,6,54.0,95.42,5132.83
buy,889,9,60.0,82.17,-4950.16
buy,889,13,30.0,162.95,-4908.42
buy,889,14,14.0,345.30,-4854.26
buy,896,1,19.0,251.61,-4800.68
buy,896,8,31.0,158.67,-4938.88
buy,896,11,23.0,212.71,-4912.35
buy,896,12,51.0,96.26,-4929.45
sell,896,13,59.0,179.80,10588.26
buy,896,14,14.0,344.82,-4847.50
buy,903,1,19.0,252.47,-4816.85
sell,903,5,98.0,313.47,30699.58
buy,903,8,30.0,163.75,-4932.40
buy,903,9,53.0,92.52,-4923.40
buy,903,11,22.0,222.62,-4917.73
buy,903,12,48.0,102.10,-4920.72
buy,903,13,23.0,209.05,-4828.18
buy,903,14,14.0,354.17,-4978.37
buy,903,17,38.0,129.71,-4949.04
sell,910,8,61.0,165.48,10074.36
buy,910,9,51.0,96.74,-4953.92
sell,910,11,45.0,189.57,8510.72
buy,910,14,13.0,360.79,-4710.33
buy,910,17,36.0,135.32,-4891.39
buy,910,19,1815.0,2.74,-4999.48
buy,917,0,75.0,65.94,-4965.15
buy,917,6,49.0,100.31,-4935.28
buy,917,8,30.0,162.60,-4897.87
sell,917,9,164.0,94.27,15439.47
buy,917,11,25.0,195.59,-4909.82
sell,917,12,146.0,99.67,14532.35
buy,917,13,24.0,205.64,-4955.44
buy,917,14,13.0,361.86,-4724.24
sell,917,17,74.0,138.26,10211.05
buy,924,0,76.0,64.86,-4949.20
sell,924,1,58.0,225.05,13033.16
buy,924,4,16.0,299.80,-4816.78
buy,924,6,50.0,98.18,-4928.82
sell,924,8,30.0,159.99,4779.61
buy,924,10,23.0,212.71,-4912.37
sell,924,11,25.0,202.02,5030.42
buy,924,13,23.0,209.60,-4840.87
buy,924,14,13.0,357.52,-4667.75
buy,924,17,34.0,142.53,-4865.97
sell,931,0,151.0,62.12,9359.58
buy,931,1,23.0,211.89,-4893.42
sell,931,14,95.0,357.84,33974.93
buy,931,18,26.0,188.89,-4931.21
sell,938,1,23.0,213.19,4883.42
sell,938,4,16.0,316.86,5049.73
buy,938,5,15.0,323.47,-4872.04
sell,938,6,99.0,84.27,8322.33
sell,938,10,23.0,230.54,5282.44
buy,938,17,36.0,136.84,-4946.28
buy,945,1,23.0,210.72,-4866.58
buy,945,5,15.0,331.13,-4986.99
buy,945,11,24.0,199.88,-4817.23
buy,945,12,51.0,96.12,-4922.11
buy,945,17,35.0,138.37,-4862.87
sell,945,18,26.0,200.49,5192.80
buy,952,0,83.0,59.42,-4951.86
buy,952,1,22.0,219.62,-4851.63
buy,952,4,16.0,309.73,-4975.75
buy,952,5,15.0,327.69,-4935.28
buy,952,6,54.0,91.19,-4944.42
buy,952,11,23.0,210.32,-4857.33
sell,952,13,70.0,207.52,14506.12
buy,959,0,84.0,58.72,-4952.08
buy,959,1,23.0,215.33,-4972.69
buy,959,6,49.0,100.31,-4935.03
buy,959,8,32.0,152.22,-4890.99
buy,959,11,23.0,207.67,-4796.35
sell,959,12,51.0,93.94,4771.19
buy,959,14,14.0,342.14,-4809.94
sell,959,17,105.0,138.78,14551.52
buy,966,5,15.0,319.03,-4805.46
sell,966,11,70.0,210.63,14724.13
buy,966,13,24.0,201.99,-4867.65
sell,973,0,167.0,63.33,10556.59
sell,973,5,60.0,322.86,19351.75
buy,973,6,50.0,97.96,-4918.08
buy,973,9,50.0,98.93,-4966.59
buy,973,10,21.0,229.24,-4833.98
buy,973,12,51.0,96.83,-4958.30
buy,973,14,14.0,346.06,-4864.78
buy,980,4,15.0,321.89,-4848.40
buy,980,5,15.0,325.62,-4904.32
sell,980,6,153.0,87.68,13394.75
sell,980,9,50.0,106.63,5311.47
sell,980,10,21.0,228.53,4779.08
buy,980,12,49.0,100.61,-4950.13
sell,980,14,28.0,348.24,9730.66
buy,987,1,25.0,198.18,-4974.50
buy,987,4,15.0,324.48,-4887.25
sell,987,5,15.0,329.04,4915.54
sell,987,8,32.0,88.95,2826.51
buy,987,11,25.0,194.22,-4875.45
buy,987,12,47.0,105.75,-4990.25
sell,987,13,24.0,198.31,4739.49
buy,987,18,24.0,205.00,-4940.11
buy,994,0,73.0,67.35,-4936.47
sell,994,1,93.0,194.49,18067.83
sell,994,4,46.0,336.64,15465.57
buy,994,6,54.0,91.58,-4965.22
buy,994,8,44.0,111.22,-4913.55
sell,994,11,25.0,188.83,4700.65
buy,994,12,45.0,109.88,-4964.62
buy,994,13,24.0,201.69,-4860.47
buy,994,18,24.0,201.47,-4855.25
sell,1001,0,73.0,61.94,4501.93
buy,1001,5,15.0,329.82,-4967.35
buy,1001,6,56.0,88.83,-4994.42
sell,1001,8,44.0,116.85,5121.48
buy,1001,12,49.0,100.15,-4927.49
sell,1001,18,48.0,196.09,9392.38
buy,1008,1,24.0,205.92,-4962.20
buy,1008,4,14.0,355.39,-4995.40
buy,1008,8,38.0,129.36,-4935.75
buy,1008,9,48.0,101.64,-4898.88
buy,1008,10,21.0,231.86,-4888.98
sell,1008,12,241.0,99.06,23853.03
buy,1008,17,33.0,149.05,-4938.61
buy,1015,0,72.0,68.81,-4974.19
buy,1015,4,13.0,365.14,-4766.88
sell,1015,5,15.0,321.47,4802.00
sell,1015,6,110.0,90.36,9919.10
buy,1015,8,39.0,125.91,-4930.56
buy,1015,9,47.0,104.46,-4929.44
buy,1015,10,23.0,212.00,-4895.98
sell,1022,0,72.0,64.26,4606.61
sell,1022,1,24.0,197.20,4712.88
buy,1022,10,23.0,208.49,-4815.29
buy,1022,13,25.0,192.87,-4841.77
sell,1022,17,33.0,150.70,4952.99
buy,1022,18,27.0,181.67,-4925.05
buy,1029,0,63.0,78.96,-4994.51
buy,1029,1,25.0,196.72,-4937.89
buy,1029,9,45.0,110.42,-4988.84
buy,1029,10,24.0,207.11,-4990.70
buy,1029,12,53.0,93.61,-4981.47
buy,1029,13,29.0,166.33,-4843.52
buy,1029,14,13.0,357.18,-4663.28
buy,1029,18,26.0,186.99,-4881.80
buy,1036,1,25.0,192.99,-4844.81
sell,1036,4,27.0,369.28,9950.63
buy,1036,6,63.0,78.37,-4957.09
sell,1036,8,77.0,119.04,9146.04
buy,1036,9,52.0,94.08,-4912.01
buy,1036,10,26.0,188.74,-4927.20
buy,1036,11,30.0,165.47,-4984.05
buy,1036,13,31.0,160.15,-4984.77
sell,1036,18,53.0,187.74,9930.27
sell,1043,0,63.0,79.96,5017.63
buy,1043,1,25.0,196.42,-4930.45
buy,1043,5,15.0,321.14,-4837.11
buy,1043,9,55.0,90.10,-4975.28
buy,1043,13,30.0,161.63,-4868.92
sell,1043,14,13.0,362.87,4697.32
buy,1050,4,13.0,364.71,-4761.27
sell,1050,5,15.0,318.92,4763.79
buy,1050,6,64.0,77.33,-4968.91
buy,1050,9,54.0,91.26,-4947.79
sell,1050,10,117.0,158.30,18500.91
sell,1050,11,30.0,170.15,5084.54
buy,1050,12,48.0,101.74,-4903.76
buy,1050,13,27.0,182.99,-4960.68
buy,1050,17,32.0,154.89,-4976.38
sell,1057,1,75.0,189.15,14166.04
sell,1057,4,13.0,364.29,4715.76
buy,1057,5,15.0,323.36,-4870.37
buy,1057,8,33.0,146.65,-4859.61
buy,1057,10,30.0,164.68,-4960.50
buy,1064,1,27.0,182.98,-4960.42
buy,1064,4,13.0,371.73,-4852.54
sell,1064,5,15.0,323.13,4827.00
buy,1064,6,60.0,81.82,-4929.41
sell,1064,8,33.0,149.01,4897.27
sell,1064,9,301.0,99.99,30076.57
sell,1064,10,30.0,171.29,5118.85
buy,1064,12,45.0,109.65,-4954.09
sell,1064,13,166.0,203.41,33746.57
buy,1064,17,34.0,145.90,-4980.77
buy,1071,0,68.0,72.40,-4943.33
buy,1071,1,26.0,186.85,-4878.00
sell,1071,4,13.0,376.75,4877.81
buy,1071,6,59.0,83.06,-4920.29
buy,1071,8,33.0,148.07,-4906.30
buy,1071,10,29.0,169.34,-4930.99
buy,1071,17,35.0,138.81,-4878.49
buy,1078,0,74.0,66.47,-4938.64
sell,1078,1,53.0,191.39,10123.60
buy,1078,5,15.0,322.28,-4854.27
buy,1078,8,33.0,150.57,-4988.97
buy,1078,9,48.0,103.68,-4996.57
buy,1078,10,29.0,170.54,-4965.80
sell,1078,12,146.0,107.25,15637.93
buy,1078,17,34.0,143.96,-4914.60
sell,1085,0,142.0,62.10,8798.23
buy,1085,1,26.0,187.34,-4890.95
sell,1085,9,48.0,111.43,5328.88
buy,1085,10,29.0,168.30,-4900.63
buy,1085,13,23.0,213.51,-4930.73
buy,1085,17,34.0,143.02,-4882.53
buy,1092,0,92.0,53.80,-4969.69
buy,1092,1,27.0,183.97,-4987.10
buy,1092,5,15.0,316.31,-4764.72
buy,1092,6,61.0,81.37,-4983.71
sell,1092,8,66.0,153.19,10090.44
buy,1092,9,42.0,117.86,-4969.97
buy,1092,10,28.0,175.46,-4932.95
sell,1092,17,169.0,152.04,25674.82
sell,1099,0,92.0,52.25,4787.11
buy,1099,1,28.0,175.64,-4937.87
buy,1099,5,15.0,315.17,-4747.57
buy,1099,9,42.0,118.17,-4983.14
sell,1099,10,115.0,175.97,20216.57
buy,1099,13,24.0,205.61,-4954.74
buy,1099,14,12.0,384.31,-4631.71
buy,1099,18,43.0,115.61,-4991.24
buy,1106,5,16.0,307.75,-4943.94
sell,1106,6,307.0,86.71,26600.18
buy,1106,9,44.0,111.61,-4930.92
buy,1106,12,48.0,102.54,-4942.08
buy,1106,14,13.0,374.99,-4894.84
sell,1113,1,81.0,167.61,13556.16
sell,1113,5,61.0,310.53,18922.54
buy,1113,8,32.0,151.74,-4875.56
sell,1113,9,128.0,111.54,14256.65
buy,1113,10,27.0,178.29,-4833.76
buy,1113,11,31.0,156.69,-4877.43
sell,1113,13,47.0,196.66,9222.99
buy,1113,14,12.0,383.57,-4622.87
buy,1113,18,37.0,133.05,-4942.72
buy,1120,0,81.0,60.76,-4941.42
buy,1120,11,31.0,159.26,-4957.20
sell,1120,12,48.0,116.88,5590.09
sell,1120,14,37.0,380.21,14047.88
sell,1120,18,80.0,135.46,10816.40
sell,1127,0,81.0,58.12,4688.05
buy,1127,8,35.0,138.86,-4880.24
sell,1127,10,27.0,178.69,4804.68
buy,1127,11,30.0,165.73,-4991.95
buy,1127,12,45.0,110.07,-4973.04
buy,1134,1,28.0,173.58,-4880.14
buy,1134,8,38.0,130.64,-4984.36
sell,1141,8,105.0,128.00,13419.52
buy,1141,10,26.0,190.16,-4964.08
sell,1141,11,92.0,161.58,14845.77
sell,1141,12,45.0,109.15,4891.71
buy,1141,14,13.0,370.65,-4838.51
buy,1148,5,15.0,314.29,-4734.34
buy,1148,8,41.0,119.50,-4919.49
buy,1148,9,30.0,164.32,-4949.63
buy,1148,10,26.0,186.46,-4867.90
sell,1148,14,13.0,373.45,4834.80
buy,1155,0,93.0,53.00,-4949.08
sell,1155,8,41.0,118.01,4818.34
sell,1162,1,28.0,181.49,5061.65
buy,1162,5,15.0,326.53,-4917.91
buy,1162,8,43.0,115.54,-4988.27
buy,1162,9,30.0,163.10,-4913.08
buy,1162,10,20.0,239.65,-4812.91
buy,1162,18,40.0,121.88,-4895.38
buy,1169,8,41.0,119.30,-4911.48
buy,1169,12,55.0,90.19,-4980.60
sell,1169,18,40.0,113.44,4517.58
buy,1176,0,107.0,46.11,-4953.90
buy,1176,1,26.0,186.18,-4860.73
sell,1176,5,30.0,325.07,9732.24
buy,1176,8,40.0,122.68,-4927.28
buy,1176,10,20.0,240.05,-4821.07
buy,1176,17,40.0,122.94,-4937.46
buy,1183,0,115.0,43.23,-4991.53
sell,1183,1,26.0,182.94,4736.52
buy,1183,4,12.0,384.67,-4635.98
buy,1183,5,15.0,326.88,-4923.23
sell,1183,9,60.0,163.21,9772.39
sell,1183,10,92.0,236.83,21768.47
buy,1183,13,28.0,172.64,-4853.82
buy,1183,18,43.0,113.86,-4915.83
sell,1190,0,315.0,39.77,12506.18
sell,1190,4,12.0,384.48,4593.74
buy,1190,6,63.0,78.03,-4936.08
sell,1190,8,124.0,121.21,15010.65
buy,1190,9,31.0,160.21,-4986.59
buy,1197,5,15.0,325.71,-4905.72
buy,1197,6,63.0,78.72,-4979.17
buy,1197,8,41.0,119.54,-4921.01
buy,1197,9,32.0,154.90,-4976.85
buy,1197,17,42.0,116.11,-4896.61
buy,1197,18,46.0,107.43,-4961.93
buy,1204,9,31.0,160.15,-4984.60
buy,1204,10,20.0,239.39,-4807.90
sell,1204,12,55.0,68.38,3740.84
sell,1204,13,28.0,180.55,5035.49
sell,1204,17,82.0,109.27,8939.87
sell,1211,5,30.0,321.77,9633.00
sell,1211,6,126.0,78.49,9869.92
sell,1211,8,41.0,118.87,4853.47
sell,1211,9,94.0,160.92,15106.64
sell,1211,10,20.0,239.80,4775.97
buy,1211,11,30.0,165.80,-4994.04
buy,1211,17,44.0,111.07,-4906.97
sell,1211,18,89.0,121.65,10806.46
buy,1218,12,62.0,79.59,-4954.46
buy,1218,13,26.0,189.74,-4953.36
buy,1218,18,36.0,136.96,-4950.46
buy,1225,0,119.0,41.54,-4963.01
buy,1225,6,73.0,67.83,-4971.73
buy,1225,13,26.0,185.91,-4853.66
buy,1225,17,43.0,115.49,-4986.02
sell,1225,18,36.0,134.47,4820.80
buy,1232,4,13.0,372.53,-4862.91
sell,1232,6,73.0,69.31,5039.97
buy,1232,8,47.0,103.75,-4896.43
sell,1232,12,62.0,74.07,4572.09
sell,1232,17,87.0,111.23,9657.31
buy,1239,1,27.0,184.01,-4988.23
sell,1239,4,13.0,400.39,5185.09
buy,1239,8,38.0,130.45,-4977.19
buy,1239,10,20.0,243.58,-4891.54
buy,1239,12,67.0,73.26,-4928.14
buy,1239,13,26.0,188.74,-4927.26
buy,1239,14,14.0,344.50,-4843.01
buy,1239,17,46.0,107.56,-4967.78
buy,1246,0,88.0,56.23,-4968.51
sell,1246,1,27.0,185.08,4977.15
buy,1246,10,19.0,250.53,-4780.13
buy,1246,11,26.0,189.08,-4936.01
sell,1246,12,67.0,67.27,4486.98
sell,1246,14,14.0,352.54,4915.52
buy,1246,17,46.0,107.99,-4987.36
sell,1253,0,207.0,50.06,10342.53
buy,1253,1,26.0,184.91,-4827.60
buy,1253,4,11.0,432.19,-4774.06
sell,1253,8,85.0,125.31,10631.23
buy,1253,9,28.0,175.07,-4922.04
buy,1253,10,19.0,251.80,-4804.28
buy,1253,14,14.0,354.62,-4984.67
sell,1253,17,92.0,110.59,10154.43
buy,1260,0,115.0,43.22,-4990.22
sell,1260,1,26.0,186.20,4821.22
sell,1260,9,28.0,177.33,4945.21
sell,1260,10,58.0,239.91,13894.70
sell,1260,11,56.0,198.55,11098.63
sell,1260,13,78.0,176.54,13750.37
buy,1260,14,13.0,356.11,-4649.43
sell,1267,0,115.0,36.94,4227.61
sell,1267,4,11.0,439.43,4813.75
buy,1267,6,75.0,65.91,-4963.22
buy,1267,8,35.0,140.28,-4929.88
sell,1267,14,27.0,346.33,9330.85
buy,1267,17,45.0,109.19,-4933.64
buy,1267,18,29.0,166.26,-4841.62
buy,1274,0,82.0,60.31,-4965.40
buy,1274,5,15.0,312.15,-4702.22
sell,1274,6,75.0,60.41,4510.84
buy,1274,9,29.0,170.69,-4970.11
buy,1274,12,71.0,70.05,-4993.49
buy,1274,13,28.0,174.70,-4911.72
buy,1274,17,43.0,114.87,-4959.22
sell,1274,18,29.0,162.80,4701.34
buy,1281,0,62.0,79.90,-4974.10
buy,1281,4,11.0,427.14,-4718.50
buy,1281,5,16.0,305.82,-4913.08
buy,1281,6,97.0,50.92,-4959.65
buy,1281,9,29.0,170.54,-4965.66
buy,1281,12,71.0,69.38,-4945.90
sell,1281,13,28.0,190.83,5323.23
sell,1281,17,88.0,108.49,9527.39
sell,1288,0,144.0,83.76,12041.53
sell,1288,5,31.0,312.80,9676.87
sell,1288,6,97.0,48.52,4686.39
sell,1288,8,35.0,145.95,5088.21
buy,1288,9,29.0,168.95,-4919.54
sell,1288,12,142.0,57.91,8202.58
buy,1288,17,44.0,111.66,-4932.98
buy,1295,1,26.0,190.37,-4969.61
sell,1295,4,11.0,427.49,4682.44
buy,1295,8,33.0,148.08,-4906.76
sell,1295,9,87.0,167.63,14564.21
buy,1295,11,42.0,118.56,-4999.43
buy,1295,17,40.0,123.34,-4953.47
sell,1302,1,26.0,183.30,4745.68
buy,1302,6,85.0,57.96,-4946.28
buy,1302,9,30.0,160.71,-4841.25
buy,1302,10,30.0,163.10,-4913.06
buy,1302,12,73.0,68.00,-4983.76
buy,1302,17,41.0,121.25,-4991.42
buy,1309,0,56.0,87.92,-4943.79
buy,1309,8,39.0,127.56,-4994.73
buy,1309,9,30.0,161.38,-4861.53
sell,1309,11,42.0,105.25,4400.64
buy,1309,12,93.0,53.24,-4971.12
sell,1309,17,125.0,111.13,13870.95
buy,1309,18,27.0,183.15,-4965.11
sell,1316,8,72.0,126.58,9093.40
sell,1316,10,30.0,178.02,5320.64
buy,1316,18,25.0,193.72,-4863.10
sell,1323,6,85.0,53.72,4545.86
buy,1323,9,30.0,163.18,-4915.47
sell,1323,12,166.0,45.91,7600.92
sell,1323,18,52.0,199.52,10355.24
buy,1330,5,16.0,295.32,-4745.12
sell,1330,9,90.0,164.45,14780.56
buy,1330,10,36.0,136.89,-4948.05
buy,1330,11,47.0,105.41,-4974.28
buy,1330,14,14.0,337.46,-4744.47
buy,1337,1,26.0,188.54,-4922.02
sell,1337,5,16.0,292.87,4665.99
buy,1337,6,85.0,58.39,-4983.17
buy,1337,8,43.0,115.57,-4989.54
buy,1337,10,35.0,141.11,-4959.01
buy,1337,11,42.0,116.11,-4896.71
buy,1337,12,112.0,44.39,-4991.78
buy,1337,13,24.0,205.46,-4950.95
buy,1337,14,15.0,326.60,-4919.04
buy,1337,18,25.0,197.85,-4966.20
buy,1344,0,53.0,93.47,-4973.85
buy,1344,6,90.0,54.74,-4946.20
sell,1344,8,43.0,117.22,5020.55
buy,1344,10,36.0,138.04,-4989.62
sell,1344,12,112.0,46.87,5229.78
sell,1344,13,24.0,205.64,4915.42
buy,1344,14,15.0,328.69,-4950.29
buy,1344,17,42.0,117.72,-4964.21
buy,1344,18,23.0,210.94,-4871.61
buy,1351,1,24.0,203.64,-4907.31
buy,1351,8,46.0,107.95,-4985.75
sell,1351,10,107.0,136.08,14540.63
sell,1351,11,89.0,120.38,10693.87
buy,1351,14,15.0,327.38,-4930.77
sell,1351,17,42.0,110.78,4632.60
sell,1351,18,48.0,206.44,9889.24
sell,1358,1,50.0,217.53,10856.32
buy,1358,4,11.0,435.14,-4806.50
buy,1358,5,17.0,289.44,-4940.55
buy,1358,11,42.0,117.40,-4950.69
buy,1358,12,142.0,34.83,-4966.56
sell,1365,6,175.0,64.89,11335.62
sell,1365,8,46.0,68.62,3136.43
buy,1365,12,178.0,27.89,-4984.39
buy,1365,14,18.0,265.00,-4790.06
buy,1365,18,24.0,205.93,-4962.22
buy,1372,0,60.0,82.71,-4982.32
buy,1372,1,22.0,217.94,-4814.69
buy,1372,5,16.0,297.15,-4774.34
buy,1372,10,56.0,87.51,-4920.82
sell,1372,11,42.0,116.57,4875.80
buy,1372,12,201.0,24.70,-4985.43
sell,1372,18,24.0,197.54,4721.01
buy,1379,1,22.0,222.18,-4907.86
buy,1379,4,10.0,454.49,-4564.90
buy,1379,6,73.0,67.87,-4974.83
buy,1379,9,29.0,171.10,-4981.76
buy,1379,12,325.0,15.31,-4996.13
buy,1379,13,24.0,204.67,-4932.05
buy,1379,14,19.0,261.97,-4997.38
buy,1379,17,37.0,132.68,-4929.13
buy,1386,1,22.0,218.71,-4831.51
buy,1386,4,11.0,450.42,-4974.63
buy,1386,5,15.0,312.98,-4714.68
buy,1386,9,29.0,166.08,-4836.26
sell,1386,10,56.0,93.27,5203.00
buy,1386,11,58.0,84.73,-4934.46
buy,1386,12,367.0,13.56,-4995.67
sell,1386,13,24.0,196.58,4698.01
sell,1386,14,96.0,258.66,24811.37
buy,1386,18,26.0,191.33,-4994.60
sell,1393,0,169.0,101.63,17154.94
sell,1393,4,32.0,442.20,14130.54
sell,1393,5,48.0,322.47,15458.43
buy,1393,6,75.0,66.19,-4984.42
sell,1393,9,58.0,164.45,9518.11
sell,1393,11,58.0,45.93,2643.72
sell,1393,12,1213.0,15.96,19345.21
buy,1393,14,18.0,264.82,-4786.75
sell,1393,17,37.0,134.79,4967.31
sell,1393,18,26.0,181.79,4706.62
buy,1400,1,22.0,225.33,-4977.33
buy,1400,5,15.0,322.98,-4864.69
sell,1400,6,148.0,69.29,10234.30
buy,1400,13,26.0,186.98,-4881.57
sell,1400,14,18.0,259.28,4647.01
buy,1400,17,36.0,136.42,-4930.99
buy,1407,0,42.0,117.29,-4946.25
buy,1407,1,21.0,227.39,-4795.28
buy,1407,4,11.0,415.61,-4591.68
buy,1407,5,14.0,335.11,-4711.48
buy,1407,8,43.0,114.53,-4944.68
buy,1407,9,31.0,158.86,-4944.60
buy,1407,17,38.0,130.28,-4970.52
sell,1414,1,109.0,227.15,24739.47
buy,1414,8,44.0,112.47,-4968.80
sell,1414,9,31.0,159.47,4923.67
buy,1414,11,105.0,47.10,-4965.24
buy,1414,13,24.0,204.38,-4925.12
sell,1414,17,74.0,139.01,10266.76
buy,1414,18,26.0,188.71,-4926.53
sell,1421,0,42.0,117.01,4894.36
sell,1421,4,11.0,423.99,4643.94
sell,1421,5,29.0,349.94,10128.36
buy,1421,10,62.0,79.25,-4933.66
sell,1421,11,105.0,39.44,4121.57
buy,1421,13,23.0,212.95,-4917.83
buy,1421,14,18.0,263.72,-4767.02
buy,1421,17,36.0,138.04,-4989.53
buy,1421,18,26.0,185.06,-4831.49
buy,1428,0,43.0,113.23,-4888.94
buy,1428,11,134.0,37.12,-4993.54
buy,1428,12,376.0,13.23,-4995.71
buy,1428,13,22.0,223.10,-4928.22
sell,1428,14,18.0,260.99,4677.90
sell,1435,0,43.0,111.71,4783.67
buy,1435,6,53.0,92.31,-4912.28
buy,1435,8,45.0,109.61,-4952.40
sell,1435,10,62.0,37.36,2296.37
buy,1435,14,19.0,261.91,-4996.33
buy,1442,6,55.0,90.17,-4979.42
sell,1442,8,132.0,109.48,14431.73
sell,1442,11,134.0,42.31,5649.35
buy,1442,13,22.0,217.07,-4795.49
sell,1442,14,19.0,255.16,4828.03
buy,1442,17,39.0,127.51,-4992.78
buy,1442,18,27.0,183.53,-4975.36
buy,1449,0,45.0,108.74,-4913.44
buy,1449,1,23.0,214.46,-4952.50
buy,1449,5,15.0,325.58,-4903.64
buy,1449,6,52.0,94.63,-4940.83
buy,1449,14,19.0,261.82,-4994.55
buy,1449,17,39.0,124.95,-4893.16
sell,1449,18,79.0,191.06,15074.09
sell,1456,0,45.0,100.53,4503.97
buy,1456,1,23.0,208.12,-4806.77
buy,1456,5,15.0,321.04,-4835.66
buy,1456,6,56.0,88.34,-4966.97
buy,1456,11,100.0,49.63,-4982.83
buy,1456,13,18.0,265.06,-4791.01
buy,1456,17,39.0,125.20,-4902.74
buy,1463,0,50.0,97.91,-4915.51
sell,1463,6,216.0,93.87,20255.33
buy,1463,10,101.0,48.97,-4965.95
buy,1463,11,90.0,55.03,-4972.84
sell,1463,13,135.0,256.84,34653.53
sell,1463,17,153.0,111.57,17049.97
buy,1470,0,52.0,94.99,-4959.49
sell,1470,1,46.0,195.92,8992.30
buy,1470,4,11.0,441.56,-4877.19
buy,1470,5,15.0,316.92,-4773.75
buy,1470,6,54.0,91.93,-4984.33
buy,1470,8,40.0,123.82,-4972.79
sell,1470,10,101.0,45.93,4618.94
sell,1470,14,19.0,259.84,4917.04
buy,1470,18,53.0,93.58,-4979.96
buy,1477,1,26.0,190.89,-4983.22
sell,1477,4,11.0,447.30,4900.34
sell,1477,5,45.0,318.74,14323.46
buy,1477,6,55.0,89.95,-4967.52
buy,1477,8,38.0,127.95,-4881.91
buy,1477,10,88.0,56.56,-4997.45
buy,1477,11,96.0,51.71,-4984.12
buy,1477,13,19.0,254.90,-4863.02
buy,1477,18,54.0,91.71,-4972.50
sell,1484,1,26.0,182.40,4722.41
buy,1484,6,55.0,89.80,-4959.25
buy,1484,8,37.0,132.37,-4917.56
buy,1484,11,79.0,62.92,-4990.36
buy,1484,14,19.0,249.03,-4751.62
sell,1484,18,107.0,76.26,8140.13
sell,1491,0,102.0,86.25,8777.03
buy,1491,4,11.0,436.21,-4818.34
buy,1491,6,58.0,84.83,-4940.00
sell,1491,8,115.0,131.78,15134.64
sell,1491,11,365.0,64.33,23460.05
buy,1491,13,19.0,259.88,-4957.80
sell,1491,14,19.0,246.81,4669.42
buy,1498,1,26.0,184.62,-4820.00
sell,1498,4,11.0,436.90,4785.86
buy,1498,5,18.0,266.47,-4816.54
buy,1498,6,57.0,86.79,-4966.97
buy,1498,8,36.0,136.84,-4946.21
sell,1498,10,88.0,40.39,3534.14
sell,1498,13,38.0,260.52,9879.64
buy,1498,18,84.0,58.59,-4941.55
buy,1505,0,64.0,77.19,-4960.07
sell,1505,6,279.0,93.25,25996.49
buy,1505,10,142.0,35.05,-4997.04
buy,1505,13,19.0,260.20,-4963.73
sell,1505,18,84.0,60.83,5090.02
sell,1512,5,18.0,268.14,4806.56
buy,1512,6,44.0,111.92,-4944.28
sell,1512,8,36.0,130.40,4674.47
buy,1512,10,194.0,25.63,-4992.28
buy,1512,11,113.0,43.81,-4969.97
buy,1512,14,21.0,234.67,-4947.97
buy,1519,0,70.0,70.91,-4983.69
buy,1519,1,29.0,170.28,-4958.09
buy,1519,5,18.0,265.13,-4792.36
sell,1519,10,336.0,30.78,10323.52
buy,1519,11,123.0,40.29,-4976.11
buy,1519,17,21.0,235.63,-4968.30
sell,1526,1,55.0,163.45,8969.51
buy,1526,4,11.0,448.73,-4956.03
sell,1526,5,18.0,260.74,4673.33
buy,1526,14,20.0,237.35,-4767.04
sell,1526,17,21.0,233.58,4885.24
sell,1533,0,134.0,78.34,10477.90
sell,1533,4,11.0,448.40,4912.45
buy,1533,6,37.0,132.85,-4935.57
buy,1533,11,141.0,35.28,-4995.07
sell,1533,13,19.0,338.50,6411.51
buy,1533,14,19.0,249.09,-4752.72
buy,1533,18,92.0,53.95,-4983.24
buy,1540,4,11.0,448.77,-4956.52
buy,1540,5,19.0,258.66,-4934.55
sell,1540,6,81.0,131.39,10622.33
buy,1540,10,163.0,30.48,-4988.95
buy,1540,11,152.0,32.62,-4977.78
buy,1540,13,14.0,332.52,-4675.32
sell,1540,14,60.0,257.68,15440.52
buy,1540,18,77.0,64.62,-4995.92
sell,1547,10,163.0,34.10,5538.46
buy,1547,11,140.0,35.36,-4969.91
buy,1547,14,18.0,269.74,-4875.40
buy,1547,18,80.0,61.73,-4958.44
sell,1554,5,19.0,275.64,5217.19
buy,1554,6,39.0,125.41,-4910.90
buy,1554,10,143.0,34.69,-4980.23
sell,1554,13,14.0,333.91,4654.73
sell,1554,14,18.0,277.20,4969.57
sell,1554,18,249.0,66.48,16533.95
buy,1561,0,68.0,72.52,-4951.07
sell,1561,4,11.0,440.53,4825.79
buy,1561,6,38.0,127.91,-4880.42
sell,1561,10,143.0,30.04,4275.57
buy,1561,11,194.0,25.64,-4993.67
buy,1561,13,15.0,330.21,-4973.09
buy,1561,17,21.0,235.08,-4956.66
buy,1568,0,71.0,69.25,-4936.96
buy,1568,4,11.0,438.42,-4842.66
buy,1568,6,36.0,134.62,-4866.38
sell,1568,11,863.0,19.66,16945.22
buy,1568,17,24.0,203.41,-4901.83
buy,1575,4,11.0,433.83,-4792.14
buy,1575,5,17.0,288.49,-4924.32
buy,1575,14,18.0,275.25,-4974.45
buy,1582,0,68.0,73.11,-4991.76
sell,1582,5,17.0,287.79,4872.45
buy,1582,8,35.0,138.97,-4884.09
buy,1582,9,28.0,174.97,-4919.08
buy,1582,11,264.0,18.81,-4985.36
buy,1582,13,15.0,318.49,-4797.37
sell,1582,14,18.0,285.38,5116.90
sell,1582,17,45.0,205.08,9208.82
buy,1582,18,86.0,57.90,-4999.43
buy,1589,4,11.0,445.71,-4922.79
buy,1589,5,17.0,286.88,-4897.00
sell,1589,9,28.0,171.47,4781.19
buy,1589,10,144.0,34.52,-4990.39
buy,1589,13,17.0,292.55,-4993.41
sell,1596,0,207.0,66.87,13821.54
buy,1596,5,17.0,285.47,-4872.96
buy,1596,6,48.0,101.72,-4902.66
buy,1596,8,40.0,123.94,-4977.72
buy,1596,9,30.0,164.88,-4966.26
sell,1596,11,264.0,19.91,5235.47
sell,1596,13,47.0,283.04,13282.87
buy,1596,14,17.0,280.34,-4785.77
buy,1596,17,24.0,199.68,-4812.36
sell,1596,18,86.0,56.14,4808.29
buy,1603,0,70.0,70.52,-4956.64
buy,1603,1,29.0,171.08,-4981.36
buy,1603,6,53.0,93.62,-4982.03
buy,1603,9,29.0,170.65,-4968.77
buy,1603,17,24.0,204.00,-4916.10
buy,1610,0,68.0,72.21,-4930.27
sell,1610,5,34.0,280.71,9524.29
buy,1610,6,56.0,87.93,-4943.82
buy,1610,8,40.0,123.10,-4944.20
sell,1610,10,144.0,5.72,803.34
buy,1610,11,158.0,31.39,-4980.34
sell,1610,14,17.0,269.07,4554.19
buy,1610,17,24.0,201.58,-4857.96
buy,1610,18,101.0,49.08,-4977.55
buy,1617,1,30.0,163.06,-4911.73
buy,1617,4,11.0,444.88,-4913.73
buy,1617,6,53.0,92.54,-4924.53
sell,1617,8,115.0,120.01,13781.53
sell,1617,11,158.0,29.01,4564.14
buy,1617,17,26.0,190.02,-4960.42
sell,1624,0,138.0,73.29,10093.93
sell,1624,1,59.0,167.62,9869.30
buy,1624,8,39.0,126.35,-4947.55
buy,1624,9,34.0,146.06,-4986.20
buy,1624,13,17.0,286.54,-4891.20
buy,1624,17,27.0,182.93,-4959.16
sell,1624,18,101.0,49.48,4977.91
buy,1631,0,61.0,80.44,-4926.75
buy,1631,1,30.0,164.47,-4954.16
sell,1631,4,44.0,440.72,19371.55
sell,1631,6,323.0,85.86,27714.22
buy,1631,13,16.0,299.17,-4806.80
sell,1631,17,125.0,181.02,22607.81
buy,1638,0,59.0,83.08,-4921.66
buy,1638,1,32.0,155.31,-4990.06
buy,1638,4,10.0,471.91,-4739.08
sell,1638,8,39.0,126.73,4922.62
sell,1638,9,93.0,157.42,14619.64
buy,1638,10,139.0,35.58,-4966.23
buy,1638,17,28.0,175.65,-4938.20
sell,1645,0,120.0,82.19,9842.86
sell,1645,1,62.0,159.77,9885.96
sell,1645,4,10.0,478.34,4763.35
sell,1645,13,33.0,291.60,9602.66
sell,1645,17,28.0,182.91,5101.41
buy,1652,6,50.0,98.05,-4922.41
buy,1652,8,39.0,125.57,-4917.29
buy,1652,9,32.0,151.06,-4853.80
buy,1652,18,124.0,40.13,-4995.51
buy,1659,0,62.0,80.12,-4987.28
buy,1659,4,10.0,481.97,-4839.72
buy,1659,5,17.0,288.53,-4924.99
sell,1659,6,50.0,97.49,4854.30
buy,1659,8,36.0,135.76,-4907.30
buy,1659,9,33.0,149.15,-4941.90
buy,1659,14,19.0,259.92,-4958.45
buy,1659,17,27.0,182.17,-4938.69
sell,1659,18,124.0,36.47,4502.53
buy,1666,1,29.0,168.51,-4906.84
buy,1666,6,48.0,102.67,-4948.39
sell,1666,8,75.0,138.57,10372.83
buy,1666,9,32.0,151.92,-4881.55
buy,1666,10,115.0,42.99,-4963.72
buy,1666,13,17.0,281.21,-4800.63
buy,1666,14,19.0,260.63,-4971.93
sell,1666,17,27.0,178.05,4787.28
buy,1673,0,64.0,77.26,-4964.50
sell,1673,1,29.0,173.74,5018.47
buy,1673,4,10.0,469.08,-4710.76
buy,1673,6,53.0,93.25,-4962.20
sell,1673,9,97.0,155.63,15075.68
buy,1673,10,109.0,45.56,-4986.02
buy,1673,14,19.0,259.83,-4956.73
buy,1680,8,38.0,129.82,-4953.30
buy,1680,10,108.0,45.94,-4981.83
sell,1680,13,17.0,280.22,4743.72
sell,1680,14,57.0,255.48,14542.30
sell,1687,0,126.0,90.40,11369.82
buy,1687,1,28.0,174.38,-4902.62
sell,1687,5,17.0,291.14,4929.34
buy,1687,6,48.0,102.15,-4923.14
buy,1687,10,101.0,48.91,-4959.50
buy,1687,11,428.0,11.61,-4989.21
buy,1687,13,17.0,287.66,-4910.24
buy,1687,14,19.0,249.20,-4754.73
buy,1687,17,29.0,170.86,-4974.99
buy,1694,0,57.0,86.86,-4970.99
buy,1694,1,28.0,174.31,-4900.59
sell,1694,6,149.0,123.95,18448.08
sell,1694,8,38.0,138.73,5251.82
buy,1694,11,574.0,8.67,-4999.08
buy,1694,17,30.0,161.28,-4858.36
buy,1694,18,128.0,38.80,-4986.16
buy,1701,8,37.0,132.43,-4919.86
sell,1701,10,572.0,56.10,32066.82
sell,1701,13,17.0,305.63,5175.75
buy,1701,14,19.0,258.37,-4929.09
sell,1701,17,59.0,162.40,9561.54
sell,1701,18,128.0,41.20,5254.20
sell,1708,0,57.0,87.20,4950.66
buy,1708,6,45.0,110.64,-4998.64
buy,1708,8,39.0,127.32,-4985.57
buy,1708,9,32.0,152.70,-4906.54
buy,1715,1,30.0,162.38,-4891.26
buy,1715,4,11.0,441.65,-4878.14
buy,1715,5,16.0,294.11,-4725.71
sell,1715,6,45.0,105.23,4715.49
buy,1715,13,16.0,308.81,-4960.93
buy,1715,14,17.0,279.97,-4779.57
buy,1722,1,30.0,163.20,-4915.95
buy,1722,5,17.0,292.23,-4987.83
buy,1722,8,35.0,140.07,-4922.47
buy,1722,9,34.0,143.42,-4896.19
buy,1722,11,221.0,22.49,-4990.93
sell,1722,13,16.0,310.72,4951.56
sell,1722,14,55.0,272.73,14980.28
buy,1729,0,48.0,102.98,-4962.94
sell,1729,1,116.0,163.50,18945.57
buy,1729,6,56.0,88.06,-4951.23
buy,1729,9,43.0,113.77,-4912.28
buy,1729,13,16.0,305.79,-4912.59
buy,1729,18,116.0,42.62,-4963.94
buy,1736,4,11.0,435.38,-4809.16
sell,1736,6,56.0,84.17,4693.59
buy,1736,8,33.0,149.60,-4956.91
buy,1736,10,63.0,78.09,-4939.45
buy,1736,11,174.0,28.48,-4976.24
buy,1736,18,129.0,38.45,-4980.14
buy,1743,4,11.0,429.78,-4747.55
sell,1743,5,33.0,289.25,9525.26
buy,1743,8,36.0,136.91,-4948.83
sell,1743,9,109.0,90.87,9884.73
buy,1743,10,63.0,78.10,-4940.55
buy,1743,13,16.0,306.39,-4922.17
buy,1750,4,11.0,438.21,-4840.29
buy,1750,5,17.0,291.22,-4970.70
buy,1750,10,58.0,84.47,-4918.97
buy,1750,11,261.0,19.04,-4988.41
buy,1750,13,16.0,303.01,-4868.12
buy,1750,17,28.0,172.75,-4857.12
buy,1750,18,111.0,44.80,-4993.17
sell,1757,0,48.0,98.87,4725.69
buy,1757,1,29.0,170.56,-4966.29
buy,1757,4,11.0,451.21,-4983.29
sell,1757,10,184.0,95.02,17463.97
buy,1757,11,399.0,12.47,-4993.83
buy,1757,13,16.0,302.54,-4860.66
sell,1757,17,28.0,172.41,4807.54
buy,1757,18,127.0,39.14,-4991.28
sell,1764,1,29.0,181.67,5248.51
buy,1764,4,10.0,456.60,-4586.05
buy,1764,8,38.0,127.92,-4880.78
buy,1764,11,582.0,8.55,-4993.71
sell,1764,13,64.0,297.55,19023.07
buy,1764,17,29.0,169.20,-4926.85
buy,1771,6,58.0,85.27,-4965.77
sell,1771,8,218.0,131.92,28739.39
buy,1771,11,475.0,10.48,-4998.26
buy,1771,14,18.0,268.75,-4857.47
buy,1771,17,29.0,168.76,-4914.16
sell,1771,18,483.0,25.81,12446.66
buy,1778,8,38.0,129.59,-4944.32
buy,1778,11,558.0,8.92,-4998.61
buy,1778,13,19.0,259.38,-4948.21
buy,1778,17,29.0,170.92,-4976.65
buy,1778,18,193.0,25.79,-4997.64
sell,1785,4,85.0,465.19,39520.80
sell,1785,5,17.0,290.73,4922.41
sell,1785,6,58.0,84.24,4865.82
sell,1785,11,3672.0,1.90,6974.08
buy,1785,13,19.0,261.55,-4989.46
buy,1785,14,19.0,258.23,-4926.40
sell,1785,17,87.0,173.83,15103.37
sell,1785,18,193.0,28.64,5507.16
buy,1792,0,54.0,92.10,-4993.54
buy,1792,1,28.0,173.65,-4882.27
buy,1792,4,10.0,461.65,-4636.54
buy,1792,6,61.0,81.13,-4968.70
buy,1792,13,18.0,264.32,-4777.74
buy,1792,14,19.0,259.36,-4947.89
sell,1799,0,54.0,114.64,6170.39
sell,1799,1,28.0,177.31,4944.77
sell,1799,6,61.0,74.96,4552.82
buy,1799,18,407.0,12.23,-4998.95
buy,1806,0,44.0,113.17,-4999.49
sell,1806,4,10.0,456.68,4546.76
buy,1806,8,42.0,118.10,-4980.28
buy,1806,9,51.0,96.84,-4958.73
buy,1806,13,19.0,260.62,-4971.75
sell,1813,0,44.0,113.32,4966.10
buy,1813,1,28.0,175.32,-4929.10
buy,1813,8,40.0,122.13,-4905.18
sell,1813,9,51.0,94.79,4814.46
buy,1813,13,19.0,251.77,-4803.70
sell,1813,14,56.0,263.42,14731.56
buy,1820,0,43.0,115.20,-4973.47
sell,1820,1,28.0,170.79,4762.00
buy,1820,5,17.0,279.09,-4764.60
sell,1820,8,120.0,116.99,14018.58
buy,1820,13,19.0,256.00,-4884.07
buy,1820,14,16.0,308.29,-4952.59
sell,1824,0,43.0,122.13,5231.69
sell,1824,5,17.0,282.99,4790.79
sell,1824,13,113.0,260.43,29408.53
sell,1824,14,16.0,322.86,5145.77
