buy,0,0,33,150.00,-4970.00
buy,0,1,33,150.00,-4970.00
buy,0,2,33,150.00,-4970.00
buy,0,3,33,150.00,-4970.00
buy,0,4,33,150.00,-4970.00
buy,0,5,33,150.00,-4970.00
buy,0,6,33,150.00,-4970.00
buy,0,7,33,150.00,-4970.00
buy,0,8,33,150.00,-4970.00
buy,0,9,33,150.00,-4970.00
buy,0,10,33,150.00,-4970.00
buy,0,11,33,150.00,-4970.00
buy,0,12,33,150.00,-4970.00
buy,0,13,33,150.00,-4970.00
buy,0,14,33,150.00,-4970.00
buy,0,15,33,150.00,-4970.00
buy,0,16,33,150.00,-4970.00
buy,0,17,33,150.00,-4970.00
buy,0,18,33,150.00,-4970.00
buy,0,19,33,150.00,-4970.00
buy,0,20,33,150.00,-4970.00
buy,0,21,33,150.00,-4970.00
buy,0,22,33,150.00,-4970.00
buy,0,23,33,150.00,-4970.00
buy,0,24,33,150.00,-4970.00
buy,0,25,33,150.00,-4970.00
buy,0,26,33,150.00,-4970.00
buy,0,27,33,150.00,-4970.00
buy,0,28,33,150.00,-4970.00
buy,0,29,33,150.00,-4970.00
buy,242,0,50.0,98.94,-4967.04
sell,842,0,83.0,121.34,10051.37
buy,1009,0,60.0,82.23,-4953.88
buy,1010,0,61.0,80.83,-4950.69
buy,1011,0,60.0,81.87,-4931.98
buy,1012,0,62.0,79.15,-4927.35
sell,1029,0,243.0,121.08,29401.29
buy,1283,0,47.0,104.13,-4914.26
buy,1284,0,48.0,102.23,-4926.90
buy,1285,0,48.0,102.77,-4952.85
buy,1336,0,188.0,26.48,-4998.12
buy,1337,0,235.0,21.15,-4990.79
buy,1338,0,302.0,16.45,-4989.08
buy,1339,0,367.0,13.54,-4987.63
buy,1340,0,733.0,6.79,-4995.47
buy,1341,0,1028.0,4.84,-4996.78
buy,1342,0,1033.0,4.82,-4996.51
buy,1343,0,1386.0,3.59,-4996.51
buy,1344,0,995.0,5.00,-4995.57
buy,1345,0,885.0,5.63,-4998.28
buy,162,1,29.0,167.36,-4873.53
buy,163,1,29.0,166.48,-4847.96
buy,164,1,30.0,164.09,-4942.71
buy,165,1,30.0,164.63,-4958.87
buy,188,1,34.0,145.52,-4967.54
sell,282,1,185.0,165.34,30567.07
buy,814,1,21.0,232.49,-4902.28
buy,903,1,25.0,191.85,-4816.19
buy,904,1,26.0,190.03,-4960.90
buy,905,1,26.0,188.46,-4920.02
buy,906,1,26.0,188.31,-4916.06
buy,907,1,26.0,186.89,-4879.18
buy,908,1,27.0,184.29,-4995.79
buy,909,1,27.0,183.08,-4963.19
sell,1118,1,204.0,191.17,38979.58
buy,1478,1,27.0,179.31,-4861.45
buy,1575,1,33.0,148.52,-4921.21
buy,1576,1,33.0,149.05,-4938.78
buy,1577,1,33.0,148.69,-4926.72
buy,1813,1,45.0,110.66,-4999.74
buy,1814,1,44.0,111.83,-4940.59
buy,1815,1,43.0,114.43,-4940.60
buy,282,2,39.0,124.59,-4878.92
buy,283,2,42.0,117.62,-4960.13
buy,284,2,42.0,116.31,-4904.88
buy,285,2,43.0,113.71,-4909.48
buy,286,2,43.0,113.68,-4908.14
buy,287,2,43.0,115.04,-4966.53
buy,288,2,44.0,112.09,-4951.78
buy,304,2,64.0,76.72,-4930.12
buy,305,2,63.0,78.73,-4979.98
buy,306,2,63.0,78.42,-4960.46
sell,112,3,33,165.71,5448.45
buy,1005,3,26.0,187.32,-4890.29
buy,1006,3,26.0,188.55,-4922.34
sell,1037,3,52.0,282.99,14695.42
buy,1399,3,16.0,303.67,-4878.66
buy,1400,3,16.0,304.44,-4890.96
buy,1599,3,18.0,266.20,-4811.55
buy,1600,3,18.0,267.48,-4834.60
buy,75,4,39.0,125.55,-4916.60
buy,190,4,44.0,110.85,-4897.24
buy,191,4,45.0,110.55,-4994.87
sell,206,4,161.0,131.55,21159.82
buy,385,4,51.0,97.17,-4975.88
buy,386,4,51.0,97.11,-4972.54
buy,387,4,52.0,94.92,-4956.08
buy,446,4,54.0,90.98,-4932.71
buy,447,4,55.0,89.32,-4932.47
buy,448,4,56.0,87.88,-4941.02
buy,449,4,58.0,85.31,-4967.82
sell,747,4,377.0,148.27,55876.89
buy,1184,4,14.0,341.06,-4794.88
buy,1185,4,14.0,340.55,-4787.64
buy,1235,4,15.0,319.51,-4812.64
buy,1236,4,15.0,319.30,-4809.57
buy,1351,4,20.0,247.56,-4971.17
buy,1602,4,18.0,272.19,-4919.49
buy,1603,4,18.0,272.12,-4918.10
buy,1604,4,18.0,274.24,-4956.37
buy,1605,4,18.0,272.70,-4928.67
buy,1606,4,18.0,271.79,-4912.24
sell,1639,4,168.0,297.96,50037.04
buy,1730,4,27.0,182.66,-4951.74
buy,1731,4,27.0,181.09,-4909.47
buy,1732,4,27.0,184.27,-4995.24
buy,1733,4,26.0,186.61,-4871.80
sell,1794,4,107.0,212.46,22713.29
sell,496,5,33,152.18,5001.95
buy,665,5,36.0,136.64,-4939.18
buy,774,5,50.0,98.80,-4959.92
buy,775,5,50.0,99.43,-4991.41
buy,776,5,50.0,98.25,-4932.58
buy,777,5,51.0,97.00,-4967.24
sell,830,5,237.0,107.01,25341.48
buy,1016,5,44.0,113.11,-4996.74
buy,1017,5,43.0,114.62,-4948.57
buy,1119,5,118.0,42.05,-4981.35
buy,1120,5,140.0,35.40,-4976.55
buy,1121,5,143.0,34.67,-4978.05
buy,1263,5,133.0,37.23,-4971.62
buy,1264,5,133.0,37.39,-4993.00
buy,1265,5,138.0,36.02,-4990.17
buy,1266,5,140.0,35.33,-4965.57
buy,1489,5,89.0,55.75,-4981.69
buy,1490,5,100.0,49.61,-4981.07
buy,1491,5,105.0,47.02,-4957.49
buy,1492,5,105.0,47.28,-4984.21
buy,1493,5,108.0,45.69,-4954.32
buy,1494,5,110.0,44.89,-4958.05
buy,1495,5,108.0,45.73,-4958.79
buy,1496,5,116.0,42.79,-4984.21
sell,1756,5,1873.0,115.11,215581.58
buy,1771,5,82.0,60.64,-4992.35
buy,1819,5,283.0,17.59,-4998.14
buy,1820,5,275.0,18.10,-4997.93
buy,1821,5,259.0,19.19,-4989.73
buy,1822,5,284.0,17.50,-4989.41
buy,353,6,52.0,95.46,-4984.12
buy,354,6,57.0,87.09,-4983.91
buy,355,6,56.0,88.30,-4964.58
buy,356,6,54.0,91.51,-4961.72
buy,357,6,52.0,94.80,-4949.83
buy,511,6,66.0,75.13,-4978.84
buy,512,6,64.0,76.94,-4944.30
buy,513,6,66.0,74.80,-4956.80
buy,579,6,334.0,14.88,-4990.31
buy,580,6,437.0,11.37,-4988.70
buy,581,6,450.0,11.07,-4999.85
buy,582,6,394.0,12.63,-4995.16
buy,583,6,373.0,13.32,-4989.55
buy,584,6,441.0,11.28,-4995.99
sell,257,7,33,198.23,6521.58
buy,380,7,28.0,177.83,-4999.16
buy,381,7,28.0,177.74,-4996.72
sell,464,7,56.0,205.23,11473.01
buy,648,7,22.0,225.81,-4987.86
buy,649,7,22.0,225.15,-4973.34
buy,836,7,25.0,198.77,-4989.32
buy,837,7,25.0,198.08,-4972.12
buy,838,7,25.0,196.84,-4941.01
buy,839,7,25.0,194.50,-4882.46
buy,840,7,25.0,197.88,-4966.90
buy,966,7,33.0,149.64,-4958.07
sell,1150,7,202.0,167.90,33896.10
buy,1539,7,20.0,241.94,-4858.90
buy,1540,7,20.0,243.37,-4887.47
buy,1541,7,20.0,240.22,-4824.39
buy,1542,7,20.0,239.93,-4818.62
sell,1717,7,80.0,254.65,20351.80
buy,10,8,35.0,138.86,-4880.19
buy,11,8,36.0,137.93,-4985.61
buy,12,8,36.0,136.74,-4942.59
buy,13,8,36.0,136.15,-4921.22
buy,14,8,36.0,135.66,-4903.72
sell,117,8,212.0,155.62,32970.45
buy,282,8,31.0,159.27,-4957.41
buy,283,8,31.0,155.74,-4847.82
buy,284,8,32.0,152.00,-4884.11
buy,285,8,34.0,145.31,-4960.50
buy,286,8,35.0,141.77,-4981.79
buy,287,8,36.0,136.93,-4949.63
buy,288,8,36.0,136.15,-4921.38
buy,289,8,37.0,131.69,-4892.63
buy,290,8,38.0,130.88,-4993.63
buy,291,8,37.0,133.16,-4946.83
sell,329,8,347.0,136.45,47329.14
buy,378,8,64.0,77.68,-4991.24
buy,379,8,74.0,66.82,-4964.58
buy,380,8,84.0,59.01,-4977.04
buy,381,8,99.0,50.04,-4974.24
buy,382,8,120.0,41.21,-4965.50
buy,383,8,149.0,33.40,-4997.10
buy,384,8,163.0,30.52,-4995.04
buy,385,8,149.0,33.20,-4967.54
buy,386,8,154.0,32.19,-4976.50
buy,387,8,148.0,33.57,-4987.76
buy,53,9,34.0,145.30,-4960.12
sell,118,9,67.0,197.41,13206.25
buy,308,9,36.0,136.54,-4935.29
sell,326,9,36.0,200.87,7211.49
buy,627,9,27.0,181.08,-4909.05
buy,678,9,38.0,128.57,-4905.60
buy,679,9,38.0,128.47,-4902.04
sell,752,9,103.0,138.06,14199.78
buy,26,10,39.0,124.67,-4882.27
buy,27,10,40.0,123.96,-4978.38
buy,28,10,39.0,125.16,-4901.30
buy,29,10,40.0,124.05,-4981.86
sell,242,10,191.0,111.85,21342.90
buy,305,10,63.0,78.72,-4979.60
buy,306,10,62.0,79.49,-4948.31
buy,307,10,62.0,79.34,-4939.32
sell,368,10,187.0,119.80,22381.81
buy,506,10,51.0,96.73,-4953.35
buy,507,10,54.0,91.80,-4977.36
buy,508,10,56.0,87.58,-4924.27
buy,509,10,57.0,86.00,-4921.90
buy,510,10,57.0,87.35,-4999.18
buy,511,10,56.0,87.53,-4921.91
buy,831,10,60.0,82.57,-4974.32
buy,832,10,66.0,74.74,-4952.75
buy,833,10,77.0,64.26,-4967.85
buy,834,10,77.0,63.89,-4939.41
buy,835,10,74.0,66.50,-4940.98
buy,836,10,74.0,66.71,-4956.37
buy,837,10,78.0,63.47,-4970.28
buy,838,10,77.0,64.64,-4997.06
sell,1148,10,914.0,89.78,82038.79
buy,1583,10,32.0,153.43,-4929.67
buy,1584,10,32.0,152.62,-4903.92
buy,1585,10,32.0,151.17,-4857.42
buy,1616,10,47.0,105.56,-4981.15
buy,1617,10,46.0,106.94,-4939.04
buy,1618,10,47.0,104.71,-4941.39
buy,1619,10,48.0,102.92,-4960.07
buy,1620,10,49.0,99.69,-4904.89
buy,38,11,33.0,146.87,-4866.67
sell,251,11,66.0,181.41,11953.07
buy,446,11,33.0,148.47,-4919.43
buy,447,11,33.0,148.24,-4912.04
buy,486,11,33.0,150.58,-4989.22
buy,487,11,33.0,148.44,-4918.58
buy,488,11,33.0,147.00,-4870.88
buy,489,11,34.0,145.18,-4956.16
buy,490,11,34.0,144.06,-4918.14
buy,491,11,34.0,143.65,-4904.22
buy,492,11,34.0,144.67,-4938.69
buy,493,11,34.0,143.82,-4909.95
sell,655,11,335.0,150.32,50336.54
buy,795,11,37.0,131.78,-4895.74
sell,907,11,37.0,181.87,6709.33
buy,1147,11,21.0,232.22,-4896.59
buy,1148,11,21.0,228.41,-4816.56
buy,1149,11,21.0,229.86,-4846.98
buy,1150,11,21.0,227.62,-4800.00
buy,1198,11,25.0,194.23,-4875.87
buy,1199,11,25.0,195.06,-4896.60
sell,1234,11,134.0,217.33,29102.63
buy,1284,11,24.0,201.50,-4856.02
buy,1285,11,24.0,200.72,-4837.37
buy,1286,11,25.0,197.31,-4952.83
buy,1287,11,25.0,196.48,-4932.05
buy,1288,11,25.0,196.33,-4928.30
buy,1289,11,25.0,194.46,-4881.55
buy,1290,11,25.0,193.66,-4861.55
buy,1407,11,28.0,173.26,-4871.28
buy,1408,11,28.0,173.31,-4872.73
sell,1442,11,229.0,187.65,42952.77
buy,1493,11,27.0,178.71,-4845.25
buy,1494,11,27.0,178.50,-4839.39
sell,1699,11,54.0,181.91,9803.19
buy,1729,11,30.0,162.37,-4891.17
buy,1730,11,31.0,156.73,-4878.52
buy,1731,11,31.0,156.73,-4878.74
buy,1732,11,31.0,156.90,-4883.95
buy,1733,11,31.0,158.08,-4920.39
buy,1734,11,31.0,156.74,-4878.81
buy,1735,11,31.0,157.18,-4892.45
buy,37,12,37.0,131.86,-4898.72
buy,160,12,111.0,44.71,-4982.86
buy,161,12,111.0,44.62,-4973.00
sell,177,13,33,211.31,6953.22
buy,311,13,23.0,210.13,-4852.90
buy,550,13,36.0,134.85,-4874.60
buy,551,13,36.0,136.07,-4918.61
buy,552,13,36.0,138.16,-4993.60
buy,553,13,36.0,137.13,-4956.60
buy,554,13,36.0,137.85,-4982.43
sell,661,13,203.0,194.73,39509.45
buy,741,13,23.0,214.40,-4951.16
sell,966,13,23.0,222.18,5090.21
buy,991,13,24.0,202.12,-4870.87
buy,1014,13,32.0,154.83,-4974.42
buy,1015,13,31.0,157.35,-4897.90
buy,1016,13,32.0,155.03,-4980.82
buy,1182,13,41.0,119.32,-4912.01
buy,1183,13,43.0,115.67,-4993.93
sell,1236,13,203.0,141.76,28757.93
buy,1597,13,38.0,130.04,-4961.42
buy,1598,13,38.0,129.50,-4941.13
buy,1599,13,38.0,129.97,-4958.93
buy,1600,13,38.0,129.10,-4925.77
sell,140,14,33,127.05,4172.70
buy,200,14,57.0,86.72,-4963.06
sell,233,14,57.0,146.37,8322.87
buy,375,14,39.0,125.85,-4928.03
buy,376,14,40.0,122.13,-4905.28
buy,377,14,41.0,120.65,-4966.80
buy,378,14,41.0,118.60,-4882.43
buy,379,14,41.0,120.22,-4949.00
buy,380,14,40.0,122.24,-4909.63
buy,417,14,54.0,91.77,-4975.47
buy,418,14,57.0,87.11,-4985.26
buy,419,14,58.0,85.18,-4960.60
buy,420,14,59.0,83.04,-4919.33
buy,421,14,62.0,79.22,-4931.79
buy,422,14,66.0,75.35,-4993.21
buy,423,14,68.0,73.14,-4993.54
buy,424,14,67.0,74.05,-4981.11
buy,425,14,69.0,71.99,-4987.06
buy,426,14,69.0,71.54,-4956.25
buy,427,14,69.0,71.26,-4937.12
buy,428,14,71.0,70.02,-4991.12
sell,612,14,1011.0,52.23,52783.56
buy,747,14,66.0,74.88,-4962.05
buy,748,14,70.0,70.28,-4939.55
sell,823,14,136.0,111.14,15095.17
buy,957,14,126.0,39.21,-4960.99
buy,958,14,127.0,39.20,-4998.88
buy,959,14,122.0,40.62,-4975.28
sell,166,15,33,151.60,4982.79
buy,188,15,33.0,149.02,-4937.58
buy,291,15,37.0,133.55,-4961.44
buy,292,15,37.0,134.08,-4980.95
buy,629,15,37.0,134.54,-4997.90
buy,630,15,36.0,135.51,-4898.26
sell,666,15,180.0,157.41,28314.06
buy,1072,15,30.0,162.02,-4880.63
buy,1073,15,30.0,162.91,-4907.44
buy,1074,15,30.0,162.86,-4905.67
buy,1075,15,30.0,162.07,-4881.97
buy,1144,15,42.0,118.29,-4988.05
buy,1145,15,43.0,115.53,-4987.98
buy,1146,15,44.0,112.03,-4949.25
buy,1147,15,43.0,113.77,-4912.25
buy,1148,15,43.0,113.82,-4914.24
buy,1149,15,44.0,112.26,-4959.45
buy,1150,15,44.0,111.94,-4945.18
buy,1255,15,50.0,98.03,-4921.45
buy,1707,15,60.0,82.82,-4989.34
sell,1754,15,533.0,107.76,57417.22
sell,168,16,33,250.27,8238.76
buy,358,16,18.0,274.42,-4959.65
buy,359,16,18.0,274.94,-4968.88
buy,360,16,18.0,276.63,-4999.43
buy,361,16,18.0,276.39,-4995.10
sell,513,16,72.0,343.88,24739.62
buy,862,16,14.0,352.83,-4959.67
buy,863,16,14.0,350.71,-4929.93
buy,864,16,14.0,350.61,-4928.49
buy,865,16,14.0,344.91,-4848.70
buy,866,16,14.0,344.49,-4842.92
buy,867,16,14.0,343.49,-4828.86
buy,868,16,14.0,341.48,-4800.76
buy,869,16,14.0,340.09,-4781.29
buy,870,16,14.0,339.51,-4773.13
buy,871,16,14.0,339.82,-4777.42
buy,872,16,14.0,339.59,-4774.22
buy,873,16,14.0,340.47,-4786.54
sell,931,16,168.0,358.84,60265.74
buy,1464,16,10.0,468.67,-4706.66
buy,1465,16,10.0,470.48,-4724.78
buy,1466,16,10.0,468.30,-4702.97
sell,1638,16,30.0,493.62,14788.74
buy,77,17,37.0,133.97,-4976.85
buy,78,17,39.0,127.54,-4994.08
buy,79,17,40.0,123.99,-4979.59
buy,80,17,40.0,122.52,-4920.67
buy,81,17,41.0,121.35,-4995.28
buy,82,17,42.0,117.74,-4964.99
buy,83,17,41.0,118.96,-4897.20
sell,190,17,313.0,187.55,58683.09
buy,400,17,17.0,280.59,-4789.98
buy,401,17,17.0,276.80,-4725.64
buy,402,17,18.0,271.98,-4915.65
buy,403,17,18.0,270.50,-4888.93
buy,404,17,18.0,268.13,-4846.36
buy,405,17,18.0,266.93,-4824.81
buy,406,17,18.0,264.98,-4789.64
buy,407,17,18.0,264.99,-4789.82
buy,408,17,18.0,265.05,-4790.93
buy,409,17,18.0,265.63,-4801.30
buy,510,17,19.0,260.78,-4974.77
buy,511,17,19.0,260.07,-4961.38
buy,512,17,19.0,261.86,-4995.40
buy,590,17,21.0,229.23,-4833.87
buy,591,17,21.0,227.90,-4805.82
buy,592,17,21.0,228.05,-4809.13
sell,970,17,298.0,142.77,42525.68
buy,1235,17,27.0,181.11,-4909.96
buy,1236,17,27.0,179.39,-4863.47
buy,1237,17,28.0,177.05,-4977.35
buy,1529,17,52.0,94.22,-4919.34
buy,1530,17,56.0,88.80,-4992.53
buy,1531,17,57.0,87.07,-4983.18
buy,1532,17,55.0,89.33,-4932.94
buy,1533,17,55.0,90.43,-4993.52
sell,1722,17,357.0,150.21,53603.99
buy,1798,17,22.0,224.32,-4954.93
sell,68,18,33,161.76,5318.12
buy,1232,18,22.0,216.69,-4787.25
buy,1233,18,23.0,211.38,-4881.67
buy,1234,18,24.0,204.93,-4938.30
buy,1235,18,25.0,198.93,-4993.33
buy,1236,18,24.0,200.42,-4830.15
buy,1237,18,24.0,199.42,-4805.99
buy,1238,18,24.0,200.78,-4838.71
buy,1239,18,24.0,199.26,-4802.13
buy,1405,18,33.0,148.03,-4905.13
buy,1406,18,33.0,146.87,-4866.70
buy,1407,18,33.0,148.85,-4932.21
buy,1408,18,34.0,145.77,-4976.11
buy,1409,18,34.0,145.61,-4970.89
buy,1410,18,34.0,144.07,-4918.27
sell,1572,18,391.0,142.25,55600.24
buy,1636,18,41.0,119.47,-4918.22
buy,1673,18,49.0,100.33,-4936.35
sell,1718,18,90.0,135.40,12165.95
buy,1780,18,33.0,147.73,-4895.09
buy,1781,18,34.0,142.50,-4865.17
buy,1782,18,35.0,138.43,-4865.11
buy,1783,18,35.0,139.46,-4901.06
buy,1784,18,36.0,135.19,-4886.68
buy,1785,18,36.0,136.40,-4930.28
sell,1799,18,209.0,151.27,31594.99
buy,130,19,40.0,124.23,-4989.09
buy,131,19,40.0,124.33,-4993.19
buy,154,19,45.0,108.35,-4895.79
buy,155,19,45.0,110.48,-4991.62
sell,270,19,203.0,120.55,24451.68
buy,972,19,36.0,134.79,-4872.48
buy,973,19,37.0,133.80,-4970.60
buy,974,19,36.0,134.98,-4879.19
buy,975,19,37.0,131.81,-4897.02
buy,1068,19,48.0,102.39,-4934.52
sell,1215,19,194.0,146.02,28307.73
buy,1267,19,41.0,121.15,-4987.22
sell,1336,19,41.0,151.04,6172.62
buy,1563,19,28.0,175.96,-4946.77
buy,1564,19,28.0,175.20,-4925.59
buy,1565,19,28.0,174.24,-4898.81
buy,1566,19,28.0,172.77,-4857.69
buy,1567,19,28.0,173.18,-4869.04
sell,1709,19,140.0,194.14,27159.70
buy,62,20,63.0,78.63,-4973.58
buy,63,20,66.0,74.55,-4940.23
buy,64,20,67.0,73.78,-4963.05
buy,65,20,64.0,77.08,-4953.04
sell,183,20,293.0,141.54,41449.76
buy,541,20,39.0,125.37,-4909.52
buy,542,20,40.0,123.44,-4957.56
buy,599,20,48.0,103.55,-4990.58
buy,600,20,49.0,101.11,-4974.39
buy,638,20,70.0,70.68,-4967.72
buy,720,20,78.0,63.12,-4943.62
buy,721,20,82.0,60.31,-4965.59
buy,722,20,81.0,61.05,-4964.72
sell,957,20,487.0,67.02,32616.38
buy,1329,20,33.0,147.69,-4893.81
buy,1330,20,35.0,140.88,-4950.96
buy,1331,20,36.0,138.03,-4989.25
buy,1332,20,38.0,130.63,-4983.79
buy,1333,20,38.0,129.10,-4925.76
buy,1334,20,38.0,128.60,-4906.89
buy,1335,20,38.0,127.86,-4878.56
buy,1336,20,39.0,126.69,-4960.93
buy,1337,20,38.0,129.73,-4949.64
buy,1469,20,50.0,99.44,-4992.05
buy,1470,20,51.0,96.29,-4930.68
buy,1471,20,52.0,94.02,-4909.24
sell,1579,20,486.0,99.73,48448.33
sell,192,21,33,184.09,6055.11
buy,770,21,17.0,286.05,-4882.88
buy,771,21,17.0,281.32,-4802.52
buy,772,21,17.0,279.09,-4764.56
buy,773,21,18.0,275.41,-4977.30
buy,774,21,18.0,273.08,-4935.37
buy,775,21,18.0,273.62,-4945.15
buy,776,21,18.0,275.52,-4979.35
buy,777,21,18.0,275.29,-4975.30
buy,925,21,18.0,268.72,-4856.92
buy,926,21,18.0,266.74,-4821.32
buy,927,21,18.0,265.30,-4795.44
buy,928,21,18.0,265.00,-4790.03
buy,929,21,18.0,264.09,-4773.67
sell,968,21,231.0,318.92,73651.20
sell,154,22,33,131.06,4304.93
buy,483,22,35.0,139.12,-4889.10
buy,484,22,36.0,136.86,-4947.11
buy,485,22,36.0,135.99,-4915.74
buy,486,22,37.0,133.04,-4942.40
buy,487,22,37.0,131.70,-4893.02
buy,488,22,37.0,132.48,-4921.82
buy,489,22,37.0,131.24,-4876.04
buy,490,22,39.0,126.96,-4971.25
sell,773,22,294.0,189.65,55736.45
buy,1177,22,20.0,240.84,-4836.86
buy,1196,22,22.0,219.53,-4849.57
buy,1197,22,22.0,217.17,-4797.67
buy,1198,22,23.0,215.82,-4983.82
buy,1199,22,23.0,216.32,-4995.26
buy,1200,22,23.0,213.00,-4919.10
buy,1201,22,23.0,213.35,-4927.08
buy,1275,22,29.0,166.33,-4843.51
buy,1276,22,30.0,163.26,-4917.84
buy,1277,22,31.0,160.43,-4993.43
buy,1278,22,31.0,159.06,-4950.92
buy,1279,22,32.0,152.46,-4898.67
buy,1280,22,32.0,152.65,-4904.86
buy,1281,22,32.0,153.24,-4923.56
buy,1282,22,32.0,152.45,-4898.37
buy,1283,22,32.0,152.75,-4908.00
buy,1284,22,32.0,153.49,-4931.54
sell,1347,22,469.0,148.40,69579.38
buy,1540,22,63.0,78.07,-4938.36
buy,1541,22,66.0,75.14,-4979.51
buy,1542,22,65.0,75.56,-4931.70
buy,1543,22,68.0,72.39,-4942.78
buy,1544,22,72.0,69.16,-4999.52
buy,1545,22,71.0,69.87,-4980.47
buy,1546,22,72.0,68.70,-4966.18
buy,1547,22,73.0,67.55,-4951.00
buy,1593,22,115.0,43.17,-4984.31
buy,1594,22,137.0,36.31,-4993.94
buy,1595,22,157.0,31.55,-4973.55
buy,1596,22,181.0,27.46,-4990.52
buy,1597,22,233.0,21.31,-4985.00
buy,1598,22,303.0,16.44,-4999.99
buy,1599,22,530.0,9.39,-4996.36
buy,1600,22,2300.0,2.16,-4998.65
buy,145,23,57.0,86.62,-4957.47
buy,146,23,55.0,89.45,-4939.55
buy,357,23,94.0,52.86,-4988.45
buy,358,23,106.0,46.83,-4984.08
buy,359,23,121.0,40.92,-4970.81
buy,360,23,166.0,29.89,-4981.87
buy,361,23,219.0,22.70,-4990.36
buy,362,23,275.0,18.09,-4995.20
buy,363,23,474.0,10.50,-4994.92
buy,364,23,2177.0,2.29,-4998.24
buy,365,23,1161.0,4.29,-4996.92
sell,39,24,33,206.20,6784.64
buy,437,24,27.0,181.27,-4914.26
buy,438,24,27.0,179.47,-4865.59
buy,439,24,27.0,179.33,-4862.02
buy,440,24,28.0,177.65,-4994.29
buy,551,24,29.0,166.77,-4856.29
buy,552,24,29.0,169.04,-4922.05
buy,553,24,29.0,169.14,-4924.97
buy,675,24,42.0,116.45,-4911.08
buy,676,24,43.0,114.29,-4934.37
buy,677,24,44.0,112.52,-4970.69
buy,678,24,44.0,112.45,-4967.77
buy,679,24,44.0,111.32,-4917.92
buy,680,24,44.0,111.76,-4937.42
buy,681,24,44.0,112.00,-4948.04
buy,682,24,44.0,111.31,-4917.50
buy,683,24,44.0,110.93,-4901.06
buy,684,24,45.0,110.04,-4971.85
sell,1090,24,634.0,128.88,81692.80
buy,1128,24,56.0,87.82,-4937.85
buy,1129,24,56.0,87.64,-4927.86
buy,1130,24,56.0,87.70,-4930.93
buy,1131,24,57.0,86.83,-4969.26
buy,1132,24,58.0,84.98,-4948.59
buy,1133,24,60.0,81.64,-4918.61
buy,1134,24,61.0,81.17,-4971.15
sell,1177,24,404.0,99.95,40361.29
sell,187,25,33,194.88,6410.97
buy,525,25,19.0,254.92,-4863.45
buy,770,25,20.0,239.00,-4800.09
buy,771,25,20.0,238.29,-4785.74
sell,895,25,59.0,287.58,16947.24
buy,979,25,18.0,266.59,-4818.57
buy,980,25,18.0,267.99,-4843.83
sell,1112,25,36.0,325.80,11708.69
buy,275,26,53.0,93.86,-4994.57
sell,641,26,86.0,180.59,15510.73
buy,1059,26,24.0,206.63,-4979.23
buy,1093,26,26.0,188.71,-4926.42
buy,1094,26,26.0,187.26,-4888.77
buy,1095,26,26.0,185.60,-4845.72
sell,1110,26,102.0,227.73,23208.05
buy,1149,26,21.0,228.37,-4815.85
buy,1150,26,21.0,226.64,-4779.43
buy,1151,26,21.0,229.00,-4828.90
sell,1165,26,63.0,248.18,15615.33
sell,186,27,33,198.32,6524.66
buy,342,27,24.0,201.04,-4845.03
sell,517,27,24.0,301.74,7221.75
buy,750,27,15.0,319.98,-4819.68
buy,751,27,15.0,319.52,-4812.78
buy,896,27,16.0,300.99,-4835.88
buy,897,27,16.0,300.12,-4821.98
buy,898,27,16.0,301.44,-4843.11
buy,899,27,16.0,303.24,-4871.86
buy,1281,27,16.0,295.67,-4750.69
buy,1282,27,16.0,293.78,-4720.47
buy,1283,27,17.0,292.10,-4985.64
buy,1284,27,17.0,290.45,-4957.71
buy,1285,27,17.0,292.84,-4998.28
sell,1303,27,177.0,333.99,59096.27
buy,1433,27,15.0,323.29,-4869.29
buy,1434,27,15.0,322.37,-4855.50
buy,1491,27,18.0,273.34,-4940.18
buy,1492,27,18.0,269.82,-4876.80
buy,1493,27,18.0,266.55,-4817.85
buy,1494,27,19.0,261.33,-4985.32
buy,1495,27,18.0,265.23,-4794.23
buy,1496,27,18.0,263.89,-4770.00
sell,1511,27,139.0,318.20,44209.98
buy,1546,27,19.0,256.95,-4902.07
buy,1547,27,19.0,253.04,-4827.74
buy,1548,27,20.0,247.29,-4965.73
buy,1549,27,20.0,246.44,-4948.72
buy,1550,27,20.0,245.72,-4934.43
buy,1551,27,20.0,246.22,-4944.33
buy,1552,27,20.0,246.06,-4941.29
buy,1553,27,20.0,245.92,-4938.31
buy,1554,27,20.0,244.40,-4907.96
buy,1555,27,20.0,244.51,-4910.20
buy,1737,27,25.0,196.47,-4931.80
buy,1738,27,25.0,192.45,-4831.16
buy,1739,27,26.0,190.87,-4982.74
buy,1740,27,26.0,189.92,-4957.96
buy,1741,27,26.0,190.59,-4975.40
buy,1742,27,26.0,190.94,-4984.49
sell,12,28,33,169.08,5559.53
buy,187,28,32.0,152.50,-4900.04
buy,188,28,34.0,146.33,-4995.15
buy,189,28,35.0,139.50,-4902.43
buy,190,28,36.0,135.25,-4889.15
buy,191,28,37.0,132.57,-4924.99
buy,192,28,39.0,126.09,-4937.60
buy,193,28,42.0,118.43,-4993.97
buy,194,28,42.0,117.84,-4969.37
buy,195,28,45.0,110.10,-4974.50
buy,196,28,47.0,105.44,-4975.52
buy,197,28,50.0,97.70,-4904.95
buy,198,28,54.0,91.83,-4978.95
buy,199,28,56.0,87.77,-4935.39
buy,200,28,64.0,77.62,-4987.39
buy,201,28,63.0,77.84,-4923.61
buy,202,28,64.0,77.53,-4981.69
buy,203,28,64.0,76.73,-4930.48
buy,204,28,66.0,74.90,-4963.68
buy,205,28,64.0,76.80,-4935.19
buy,319,28,98.0,50.61,-4979.93
buy,320,28,99.0,50.03,-4972.61
buy,321,28,92.0,53.61,-4952.49
buy,322,28,97.0,51.23,-4989.72
buy,652,28,114.0,43.60,-4990.82
buy,653,28,120.0,41.18,-4961.49
buy,654,28,126.0,39.24,-4964.45
buy,655,28,131.0,37.98,-4995.67
buy,656,28,132.0,37.58,-4980.23
buy,657,28,131.0,37.75,-4965.75
buy,658,28,133.0,37.43,-4998.17
buy,659,28,130.0,38.21,-4987.88
sell,938,28,2337.0,139.85,326805.60
buy,998,28,250.0,19.90,-4993.91
buy,999,28,972.0,5.12,-4994.89
sell,151,29,33,107.46,3526.10
buy,492,29,34.0,144.94,-4947.94
buy,493,29,34.0,144.32,-4927.00
buy,494,29,34.0,142.44,-4862.80
buy,517,29,63.0,77.93,-4929.54
buy,518,29,62.0,79.56,-4952.96
buy,519,29,63.0,77.82,-4922.35
buy,520,29,64.0,76.75,-4931.89
buy,521,29,66.0,75.24,-4985.77
buy,522,29,66.0,74.85,-4960.40
buy,523,29,67.0,74.14,-4987.50
buy,524,29,67.0,73.45,-4940.89
buy,525,29,72.0,68.46,-4949.35
buy,526,29,75.0,65.78,-4953.36
buy,527,29,74.0,66.50,-4940.87
buy,528,29,75.0,65.86,-4959.83
buy,529,29,73.0,67.77,-4967.13
sell,706,29,989.0,76.56,75693.52
buy,794,29,83.0,59.69,-4973.89
buy,795,29,83.0,59.94,-4994.86
buy,796,29,83.0,59.38,-4948.92
buy,797,29,84.0,58.78,-4957.51
buy,867,29,168.0,29.63,-4997.16
buy,868,29,165.0,30.03,-4974.54
sell,1824,1,258.0,112.83,29090.57
sell,1824,3,68.0,299.88,20371.88
sell,1824,5,1183.0,19.85,23462.01
sell,1824,10,333.0,22.27,7396.72
sell,1824,11,216.0,166.05,35845.92
sell,1824,13,152.0,112.14,17025.96
sell,1824,17,22.0,230.05,5041.06
sell,1824,27,352.0,188.43,66306.98
