buy,0,0,33,150.00,-4970.00
buy,0,1,33,150.00,-4970.00
buy,0,2,33,150.00,-4970.00
buy,0,3,33,150.00,-4970.00
buy,0,4,33,150.00,-4970.00
buy,0,5,33,150.00,-4970.00
buy,0,6,33,150.00,-4970.00
buy,0,7,33,150.00,-4970.00
buy,0,8,33,150.00,-4970.00
buy,0,9,33,150.00,-4970.00
buy,0,10,33,150.00,-4970.00
buy,0,11,33,150.00,-4970.00
buy,0,12,33,150.00,-4970.00
buy,0,13,33,150.00,-4970.00
buy,0,14,33,150.00,-4970.00
buy,0,15,33,150.00,-4970.00
buy,0,16,33,150.00,-4970.00
buy,0,17,33,150.00,-4970.00
buy,0,18,33,150.00,-4970.00
buy,0,19,33,150.00,-4970.00
buy,0,20,33,150.00,-4970.00
buy,0,21,33,150.00,-4970.00
buy,0,22,33,150.00,-4970.00
buy,0,23,33,150.00,-4970.00
buy,0,24,33,150.00,-4970.00
buy,0,25,33,150.00,-4970.00
buy,0,26,33,150.00,-4970.00
buy,0,27,33,150.00,-4970.00
buy,0,28,33,150.00,-4970.00
buy,0,29,33,150.00,-4970.00
buy,42,0,42.0,115.94,-4889.40
buy,239,0,48.0,102.63,-4946.43
buy,240,0,49.0,100.21,-4930.13
buy,241,0,48.0,102.12,-4921.77
buy,242,0,50.0,98.94,-4967.04
buy,243,0,49.0,100.22,-4930.79
buy,244,0,50.0,98.26,-4933.16
buy,245,0,51.0,96.99,-4966.54
buy,568,0,69.0,72.13,-4997.11
buy,569,0,72.0,68.60,-4958.85
buy,570,0,70.0,70.34,-4944.01
buy,571,0,71.0,70.08,-4995.91
buy,638,0,95.0,51.95,-4955.39
sell,660,0,797.0,59.31,47253.80
buy,805,0,84.0,59.25,-4997.26
buy,806,0,84.0,58.65,-4946.95
buy,807,0,84.0,58.93,-4969.76
buy,808,0,85.0,57.96,-4946.79
sell,841,0,337.0,115.51,38907.40
buy,954,0,41.0,119.78,-4931.06
buy,955,0,41.0,120.03,-4941.41
buy,956,0,42.0,117.52,-4955.94
buy,957,0,42.0,117.56,-4957.68
buy,978,0,46.0,107.86,-4981.50
buy,1008,0,60.0,82.04,-4942.41
buy,1009,0,60.0,82.23,-4953.88
buy,1010,0,61.0,80.83,-4950.69
buy,1011,0,60.0,81.87,-4931.98
buy,1012,0,62.0,79.15,-4927.35
sell,1029,0,515.0,121.08,62333.75
buy,1281,0,47.0,104.06,-4910.94
buy,1282,0,47.0,104.40,-4926.85
buy,1283,0,47.0,104.13,-4914.26
buy,1284,0,48.0,102.23,-4926.90
buy,1285,0,48.0,102.77,-4952.85
buy,1286,0,48.0,102.12,-4921.67
buy,1287,0,49.0,100.48,-4943.60
buy,1288,0,49.0,100.02,-4921.13
buy,1289,0,50.0,98.22,-4931.19
buy,1332,0,94.0,52.71,-4974.43
buy,1333,0,102.0,48.73,-4990.27
buy,1334,0,113.0,44.03,-4995.89
buy,1335,0,135.0,36.86,-4996.57
buy,1336,0,188.0,26.48,-4998.12
buy,1337,0,235.0,21.15,-4990.79
buy,1338,0,302.0,16.45,-4989.08
buy,1339,0,367.0,13.54,-4987.63
buy,1340,0,733.0,6.79,-4995.47
buy,1341,0,1028.0,4.84,-4996.78
buy,1342,0,1033.0,4.82,-4996.51
buy,1343,0,1386.0,3.59,-4996.51
buy,1344,0,995.0,5.00,-4995.57
buy,1345,0,885.0,5.63,-4998.28
buy,1346,0,1365.0,3.65,-4997.77
buy,1347,0,2308.0,2.16,-4999.77
buy,1348,0,2919.0,1.71,-4999.30
sell,34,1,33,169.74,5581.58
buy,161,1,29.0,168.21,-4897.99
buy,162,1,29.0,167.36,-4873.53
buy,163,1,29.0,166.48,-4847.96
buy,164,1,30.0,164.09,-4942.71
buy,165,1,30.0,164.63,-4958.87
buy,183,1,33.0,148.71,-4927.32
buy,184,1,33.0,147.55,-4889.09
buy,185,1,33.0,149.03,-4937.83
buy,186,1,34.0,146.29,-4993.73
buy,187,1,34.0,145.91,-4980.86
buy,188,1,34.0,145.52,-4967.54
buy,189,1,34.0,145.73,-4974.65
buy,190,1,35.0,140.99,-4954.74
buy,191,1,35.0,142.11,-4993.73
sell,281,1,452.0,166.39,75189.22
buy,813,1,21.0,232.72,-4907.22
buy,814,1,21.0,232.49,-4902.28
buy,856,1,21.0,233.52,-4924.00
buy,857,1,21.0,229.11,-4831.29
buy,902,1,25.0,193.24,-4851.03
buy,903,1,25.0,191.85,-4816.19
buy,904,1,26.0,190.03,-4960.90
buy,905,1,26.0,188.46,-4920.02
buy,906,1,26.0,188.31,-4916.06
buy,907,1,26.0,186.89,-4879.18
buy,908,1,27.0,184.29,-4995.79
buy,909,1,27.0,183.08,-4963.19
sell,1114,1,292.0,182.20,53182.49
buy,1457,1,25.0,195.79,-4914.67
buy,1458,1,25.0,195.75,-4913.66
buy,1476,1,27.0,178.12,-4829.26
buy,1477,1,27.0,180.16,-4884.38
buy,1478,1,27.0,179.31,-4861.45
sell,1519,1,131.0,206.82,27073.21
buy,1530,1,25.0,192.62,-4835.55
buy,1572,1,32.0,152.87,-4911.90
buy,1573,1,34.0,146.37,-4996.51
buy,1574,1,33.0,147.63,-4891.72
buy,1575,1,33.0,148.52,-4921.21
buy,1576,1,33.0,149.05,-4938.78
sell,1669,1,190.0,175.82,33385.64
buy,1812,1,43.0,113.73,-4910.31
buy,1813,1,45.0,110.66,-4999.74
buy,1814,1,44.0,111.83,-4940.59
sell,72,2,33,142.42,4679.71
buy,86,2,38.0,129.56,-4943.44
buy,87,2,38.0,128.27,-4894.26
buy,275,2,32.0,152.42,-4897.39
buy,276,2,33.0,148.26,-4912.43
buy,277,2,34.0,146.07,-4986.26
buy,278,2,34.0,143.20,-4888.83
buy,279,2,35.0,139.88,-4915.80
buy,280,2,36.0,137.56,-4972.26
buy,281,2,38.0,130.78,-4989.76
buy,282,2,39.0,124.59,-4878.92
buy,283,2,42.0,117.62,-4960.13
buy,284,2,42.0,116.31,-4904.88
buy,285,2,43.0,113.71,-4909.48
buy,286,2,43.0,113.68,-4908.14
buy,287,2,43.0,115.04,-4966.53
buy,288,2,44.0,112.09,-4951.78
buy,303,2,65.0,76.60,-4998.73
buy,304,2,64.0,76.72,-4930.12
buy,305,2,63.0,78.73,-4979.98
sell,42,3,33,151.85,4990.98
buy,169,3,31.0,155.67,-4845.73
sell,336,3,31.0,184.26,5692.15
buy,543,3,29.0,166.65,-4852.94
buy,887,3,24.0,202.95,-4890.85
buy,888,3,24.0,202.10,-4870.51
buy,889,3,24.0,201.20,-4848.90
sell,913,3,101.0,212.39,21431.61
buy,1002,3,26.0,190.82,-4981.27
buy,1003,3,26.0,189.22,-4939.61
buy,1004,3,26.0,187.68,-4899.59
buy,1005,3,26.0,187.32,-4890.29
buy,1006,3,26.0,188.55,-4922.34
sell,1036,3,130.0,268.67,34907.11
buy,1082,3,17.0,288.66,-4927.26
buy,1234,3,18.0,275.44,-4977.99
buy,1235,3,18.0,276.63,-4999.36
sell,1252,3,53.0,300.74,15919.34
buy,1370,3,15.0,312.78,-4711.77
buy,1371,3,15.0,311.53,-4692.98
sell,1384,3,30.0,325.26,9737.94
buy,1396,3,16.0,309.91,-4978.52
buy,1397,3,16.0,307.99,-4947.76
buy,1398,3,16.0,307.53,-4940.49
buy,1399,3,16.0,303.67,-4878.66
buy,1400,3,16.0,304.44,-4890.96
buy,1580,3,17.0,286.81,-4895.84
buy,71,4,38.0,128.27,-4894.29
buy,72,4,39.0,127.06,-4975.39
buy,73,4,39.0,126.50,-4953.55
buy,74,4,39.0,124.51,-4875.84
buy,75,4,39.0,125.55,-4916.60
sell,132,4,227.0,144.41,32759.94
buy,189,4,43.0,113.60,-4904.85
buy,190,4,44.0,110.85,-4897.24
buy,191,4,45.0,110.55,-4994.87
buy,192,4,45.0,110.33,-4984.86
buy,193,4,44.0,111.32,-4917.89
buy,194,4,45.0,109.55,-4949.94
buy,195,4,45.0,109.46,-4945.68
sell,205,4,311.0,130.19,40469.10
buy,255,4,40.0,123.98,-4979.10
buy,256,4,39.0,125.10,-4898.79
buy,257,4,40.0,123.69,-4967.71
buy,258,4,41.0,119.42,-4916.30
buy,259,4,42.0,116.16,-4898.53
buy,260,4,42.0,118.00,-4976.02
buy,261,4,43.0,115.25,-4975.91
buy,262,4,43.0,113.75,-4911.44
buy,263,4,44.0,111.93,-4945.00
buy,264,4,44.0,112.26,-4959.32
sell,292,4,418.0,136.21,56917.33
buy,383,4,51.0,97.13,-4973.49
buy,384,4,51.0,96.90,-4961.80
buy,385,4,51.0,97.17,-4975.88
buy,386,4,51.0,97.11,-4972.54
buy,387,4,52.0,94.92,-4956.08
buy,427,4,47.0,104.85,-4947.85
buy,428,4,47.0,105.63,-4984.75
buy,445,4,53.0,93.38,-4969.10
buy,446,4,54.0,90.98,-4932.71
buy,447,4,55.0,89.32,-4932.47
buy,448,4,56.0,87.88,-4941.02
buy,449,4,58.0,85.31,-4967.82
sell,537,4,626.0,97.06,60740.07
buy,1183,4,14.0,344.64,-4844.98
buy,1184,4,14.0,341.06,-4794.88
buy,1185,4,14.0,340.55,-4787.64
buy,1186,4,14.0,341.61,-4802.51
buy,1187,4,14.0,341.04,-4794.50
buy,1188,4,14.0,339.25,-4769.53
buy,1233,4,15.0,321.09,-4836.32
buy,1234,4,15.0,318.28,-4794.21
buy,1235,4,15.0,319.51,-4812.64
buy,1236,4,15.0,319.30,-4809.57
buy,1237,4,15.0,319.02,-4805.25
buy,1349,4,19.0,251.48,-4798.12
buy,1350,4,20.0,248.63,-4992.58
buy,1351,4,20.0,247.56,-4971.17
sell,1499,4,218.0,288.44,62860.81
buy,1602,4,18.0,272.19,-4919.49
buy,1603,4,18.0,272.12,-4918.10
sell,1637,4,36.0,297.01,10672.54
buy,1678,4,17.0,285.39,-4871.62
buy,1679,4,17.0,285.43,-4872.35
buy,1730,4,27.0,182.66,-4951.74
buy,1731,4,27.0,181.09,-4909.47
buy,1732,4,27.0,184.27,-4995.24
sell,1793,4,115.0,215.23,24731.25
buy,32,5,37.0,134.33,-4990.25
buy,33,5,37.0,132.34,-4916.66
buy,34,5,37.0,131.10,-4870.80
buy,35,5,38.0,130.03,-4961.23
sell,139,5,182.0,121.37,22070.17
buy,372,5,36.0,137.41,-4966.58
buy,373,5,36.0,137.63,-4974.75
buy,374,5,35.0,138.36,-4862.56
buy,446,5,41.0,119.13,-4904.28
buy,447,5,41.0,118.61,-4883.19
buy,448,5,42.0,116.52,-4914.05
sell,477,5,231.0,139.25,32146.78
buy,585,5,36.0,136.92,-4949.06
sell,605,5,36.0,164.66,5907.60
buy,662,5,34.0,142.35,-4860.02
buy,663,5,35.0,140.19,-4926.52
buy,664,5,35.0,139.84,-4914.51
buy,665,5,36.0,136.64,-4939.18
buy,765,5,33.0,149.71,-4960.51
buy,766,5,34.0,143.77,-4908.29
buy,767,5,36.0,137.68,-4976.39
buy,768,5,38.0,128.61,-4907.07
buy,769,5,40.0,121.72,-4888.74
buy,770,5,42.0,117.51,-4955.27
buy,771,5,45.0,109.50,-4947.44
buy,772,5,48.0,103.28,-4977.40
buy,773,5,50.0,97.72,-4906.23
buy,774,5,50.0,98.80,-4959.92
buy,775,5,50.0,99.43,-4991.41
buy,776,5,50.0,98.25,-4932.58
buy,777,5,51.0,97.00,-4967.24
sell,826,5,707.0,103.00,72804.52
buy,924,5,35.0,141.52,-4973.12
buy,925,5,35.0,140.70,-4944.33
buy,974,5,37.0,133.59,-4962.90
buy,975,5,38.0,130.48,-4978.11
buy,994,5,39.0,125.32,-4907.53
buy,995,5,39.0,125.69,-4921.89
buy,996,5,39.0,124.52,-4876.20
buy,997,5,40.0,124.43,-4997.14
buy,1014,5,43.0,114.14,-4927.92
buy,1015,5,43.0,113.57,-4903.62
buy,1016,5,44.0,113.11,-4996.74
buy,1058,5,49.0,99.94,-4917.00
buy,1059,5,49.0,100.22,-4930.73
buy,1117,5,103.0,48.19,-4983.26
buy,1118,5,108.0,45.93,-4980.18
buy,1119,5,118.0,42.05,-4981.35
buy,1120,5,140.0,35.40,-4976.55
buy,1121,5,143.0,34.67,-4978.05
sell,1204,5,1142.0,60.53,69102.74
buy,1263,5,133.0,37.23,-4971.62
buy,1264,5,133.0,37.39,-4993.00
buy,1265,5,138.0,36.02,-4990.17
buy,1266,5,140.0,35.33,-4965.57
buy,1488,5,89.0,55.35,-4946.05
buy,1489,5,89.0,55.75,-4981.69
buy,1490,5,100.0,49.61,-4981.07
buy,1491,5,105.0,47.02,-4957.49
buy,1492,5,105.0,47.28,-4984.21
buy,1493,5,108.0,45.69,-4954.32
buy,1494,5,110.0,44.89,-4958.05
buy,1495,5,108.0,45.73,-4958.79
buy,1496,5,116.0,42.79,-4984.21
buy,1533,5,160.0,31.12,-4999.30
buy,1556,5,275.0,18.10,-4997.75
buy,1557,5,292.0,17.01,-4986.48
buy,1558,5,272.0,18.26,-4987.78
sell,1583,5,2473.0,45.64,112838.46
buy,1597,5,160.0,30.94,-4969.97
buy,1598,5,169.0,29.43,-4992.85
buy,1599,5,166.0,29.85,-4974.41
sell,1752,5,495.0,88.74,43907.92
buy,1770,5,80.0,61.94,-4975.14
buy,1771,5,82.0,60.64,-4992.35
buy,1789,5,98.0,50.41,-4960.39
buy,1790,5,105.0,47.37,-4993.68
buy,1806,5,133.0,37.44,-4999.25
buy,1807,5,139.0,35.60,-4968.64
buy,1808,5,139.0,35.69,-4981.10
buy,1809,5,134.0,37.14,-4997.40
buy,1810,5,140.0,35.52,-4992.25
buy,1811,5,165.0,30.10,-4986.59
buy,1812,5,160.0,30.98,-4976.32
buy,1813,5,180.0,27.62,-4991.24
buy,1814,5,209.0,23.78,-4989.72
buy,1815,5,211.0,23.56,-4990.23
buy,1816,5,229.0,21.68,-4984.36
buy,1817,5,237.0,20.93,-4981.59
buy,1818,5,252.0,19.69,-4981.22
buy,1819,5,283.0,17.59,-4998.14
buy,1820,5,275.0,18.10,-4997.93
buy,349,6,39.0,126.31,-4945.94
buy,350,6,41.0,119.94,-4937.52
buy,351,6,44.0,111.96,-4946.35
buy,352,6,47.0,105.02,-4955.76
buy,353,6,52.0,95.46,-4984.12
buy,354,6,57.0,87.09,-4983.91
buy,355,6,56.0,88.30,-4964.58
buy,356,6,54.0,91.51,-4961.72
buy,510,6,64.0,77.72,-4993.84
buy,511,6,66.0,75.13,-4978.84
buy,512,6,64.0,76.94,-4944.30
buy,513,6,66.0,74.80,-4956.80
buy,514,6,67.0,73.98,-4976.39
buy,515,6,68.0,72.50,-4950.10
buy,516,6,68.0,72.74,-4966.26
buy,517,6,68.0,73.23,-4999.80
buy,577,6,237.0,20.98,-4991.47
buy,578,6,262.0,18.95,-4984.34
buy,579,6,334.0,14.88,-4990.31
buy,580,6,437.0,11.37,-4988.70
buy,581,6,450.0,11.07,-4999.85
buy,582,6,394.0,12.63,-4995.16
buy,583,6,373.0,13.32,-4989.55
buy,584,6,441.0,11.28,-4995.99
buy,67,7,33.0,148.43,-4918.35
buy,68,7,33.0,147.93,-4901.69
buy,69,7,33.0,146.61,-4858.07
buy,70,7,33.0,146.57,-4856.78
buy,71,7,33.0,147.03,-4872.13
buy,223,7,31.0,157.20,-4893.08
sell,235,7,229.0,171.34,39216.99
buy,297,7,19.0,250.13,-4772.39
buy,298,7,19.0,250.09,-4771.71
buy,331,7,24.0,204.43,-4926.30
buy,332,7,24.0,204.04,-4916.85
buy,333,7,24.0,202.53,-4880.73
buy,353,7,26.0,191.41,-4996.74
buy,354,7,25.0,192.17,-4824.26
buy,378,7,27.0,180.38,-4890.22
buy,379,7,27.0,178.49,-4839.29
buy,380,7,28.0,177.83,-4999.16
buy,381,7,28.0,177.74,-4996.72
sell,461,7,271.0,200.15,54220.35
buy,603,7,20.0,247.59,-4971.71
buy,647,7,21.0,229.28,-4834.91
buy,648,7,22.0,225.81,-4987.86
buy,649,7,22.0,225.15,-4973.34
buy,834,7,23.0,208.87,-4824.03
buy,835,7,24.0,203.98,-4915.50
buy,836,7,25.0,198.77,-4989.32
buy,837,7,25.0,198.08,-4972.12
buy,838,7,25.0,196.84,-4941.01
buy,839,7,25.0,194.50,-4882.46
buy,840,7,25.0,197.88,-4966.90
sell,904,7,257.0,181.56,46641.09
buy,966,7,33.0,149.64,-4958.07
buy,1118,7,34.0,145.17,-4955.63
sell,1148,7,67.0,164.96,11032.65
buy,1537,7,20.0,247.65,-4973.07
buy,1538,7,20.0,244.62,-4912.31
buy,1539,7,20.0,241.94,-4858.90
buy,1540,7,20.0,243.37,-4887.47
buy,1541,7,20.0,240.22,-4824.39
buy,1542,7,20.0,239.93,-4818.62
sell,1716,7,120.0,253.77,30432.64
buy,10,8,35.0,138.86,-4880.19
buy,11,8,36.0,137.93,-4985.61
buy,12,8,36.0,136.74,-4942.59
buy,13,8,36.0,136.15,-4921.22
buy,14,8,36.0,135.66,-4903.72
sell,115,8,212.0,148.73,31510.41
buy,285,8,34.0,145.31,-4960.50
buy,286,8,35.0,141.77,-4981.79
buy,287,8,36.0,136.93,-4949.63
buy,288,8,36.0,136.15,-4921.38
buy,289,8,37.0,131.69,-4892.63
buy,290,8,38.0,130.88,-4993.63
buy,291,8,37.0,133.16,-4946.83
sell,328,8,253.0,131.89,33349.34
buy,375,8,46.0,107.29,-4955.52
buy,376,8,52.0,95.73,-4997.91
buy,377,8,59.0,83.45,-4943.37
buy,378,8,64.0,77.68,-4991.24
buy,379,8,74.0,66.82,-4964.58
buy,380,8,84.0,59.01,-4977.04
buy,381,8,99.0,50.04,-4974.24
buy,382,8,120.0,41.21,-4965.50
buy,383,8,149.0,33.40,-4997.10
buy,384,8,163.0,30.52,-4995.04
buy,385,8,149.0,33.20,-4967.54
buy,386,8,154.0,32.19,-4976.50
buy,387,8,148.0,33.57,-4987.76
buy,388,8,151.0,32.77,-4968.35
buy,408,8,1637.0,3.04,-4998.67
sell,19,9,33,161.46,5308.10
buy,51,9,34.0,145.72,-4974.51
buy,52,9,34.0,145.79,-4976.75
buy,53,9,34.0,145.30,-4960.12
sell,101,9,102.0,180.87,18428.78
buy,163,9,27.0,178.48,-4838.99
buy,164,9,28.0,177.00,-4975.92
buy,165,9,28.0,177.40,-4987.19
buy,166,9,28.0,176.56,-4963.60
buy,167,9,28.0,177.28,-4983.71
buy,168,9,28.0,176.45,-4960.54
buy,169,9,28.0,173.58,-4880.34
buy,305,9,36.0,137.46,-4968.48
buy,306,9,36.0,136.47,-4933.02
buy,307,9,36.0,136.31,-4927.25
buy,308,9,36.0,136.54,-4935.29
sell,324,9,339.0,198.88,67398.64
buy,623,9,27.0,181.97,-4933.19
buy,624,9,27.0,180.70,-4898.88
buy,625,9,27.0,180.22,-4885.82
buy,626,9,27.0,180.46,-4892.40
buy,627,9,27.0,181.08,-4909.05
buy,678,9,38.0,128.57,-4905.60
sell,748,9,173.0,131.53,22734.10
buy,991,9,48.0,102.10,-4920.92
buy,992,9,48.0,103.39,-4982.57
buy,993,9,47.0,103.77,-4897.22
sell,1049,9,143.0,103.88,14834.65
buy,1172,9,57.0,87.17,-4988.87
buy,1215,9,56.0,88.07,-4951.70
sell,1268,9,113.0,114.45,12913.21
buy,1458,9,101.0,49.21,-4989.80
buy,1459,9,104.0,47.81,-4991.86
sell,1741,9,205.0,95.90,19638.56
buy,25,10,39.0,125.09,-4898.44
buy,26,10,39.0,124.67,-4882.27
buy,27,10,40.0,123.96,-4978.38
buy,28,10,39.0,125.16,-4901.30
buy,29,10,40.0,124.05,-4981.86
buy,139,10,68.0,72.85,-4973.83
sell,238,10,298.0,108.19,32219.40
buy,278,10,48.0,101.97,-4914.72
buy,279,10,48.0,102.14,-4922.94
buy,305,10,63.0,78.72,-4979.60
buy,306,10,62.0,79.49,-4948.31
buy,307,10,62.0,79.34,-4939.32
sell,366,10,283.0,111.18,31444.06
buy,504,10,46.0,106.09,-4900.33
buy,505,10,48.0,103.00,-4964.16
buy,506,10,51.0,96.73,-4953.35
buy,507,10,54.0,91.80,-4977.36
buy,508,10,56.0,87.58,-4924.27
buy,509,10,57.0,86.00,-4921.90
buy,510,10,57.0,87.35,-4999.18
buy,511,10,56.0,87.53,-4921.91
sell,658,10,425.0,130.20,55313.07
buy,771,10,31.0,156.81,-4881.18
buy,772,10,32.0,154.45,-4962.52
buy,830,10,56.0,88.54,-4978.23
buy,831,10,60.0,82.57,-4974.32
buy,832,10,66.0,74.74,-4952.75
buy,833,10,77.0,64.26,-4967.85
buy,834,10,77.0,63.89,-4939.41
buy,835,10,74.0,66.50,-4940.98
buy,836,10,74.0,66.71,-4956.37
buy,837,10,78.0,63.47,-4970.28
buy,838,10,77.0,64.64,-4997.06
buy,949,10,82.0,60.03,-4942.67
buy,950,10,82.0,60.26,-4961.45
buy,951,10,84.0,58.73,-4953.44
buy,952,10,85.0,58.50,-4992.17
buy,953,10,86.0,57.60,-4973.54
sell,982,10,1121.0,82.82,92817.31
buy,1126,10,106.0,46.75,-4975.23
buy,1127,10,109.0,45.44,-4972.56
sell,1146,10,215.0,84.33,18109.92
buy,1169,10,62.0,79.51,-4949.53
buy,1243,10,73.0,67.44,-4942.87
buy,1244,10,73.0,68.11,-4992.15
buy,1245,10,77.0,64.24,-4966.21
buy,1246,10,79.0,62.99,-4995.92
buy,1247,10,78.0,63.13,-4944.42
buy,1248,10,79.0,62.99,-4995.95
sell,1324,10,521.0,71.80,37385.55
buy,1615,10,47.0,105.50,-4978.52
buy,1616,10,47.0,105.56,-4981.15
buy,1617,10,46.0,106.94,-4939.04
buy,1618,10,47.0,104.71,-4941.39
buy,1619,10,48.0,102.92,-4960.07
buy,1620,10,49.0,99.69,-4904.89
buy,1621,10,49.0,100.64,-4951.27
buy,1708,10,64.0,77.18,-4959.33
buy,1816,10,213.0,23.35,-4994.54
buy,1817,10,244.0,20.38,-4993.70
buy,1818,10,243.0,20.45,-4989.97
buy,1819,10,267.0,18.60,-4985.19
buy,35,11,33.0,147.68,-4893.29
buy,36,11,34.0,145.48,-4966.46
buy,37,11,34.0,143.52,-4899.67
buy,158,11,33.0,150.66,-4991.81
buy,159,11,32.0,152.34,-4894.85
sell,249,11,199.0,178.95,35591.66
buy,444,11,34.0,145.67,-4972.86
buy,445,11,33.0,147.55,-4889.17
buy,446,11,33.0,148.47,-4919.43
buy,447,11,33.0,148.24,-4912.04
buy,485,11,33.0,149.42,-4950.98
buy,486,11,33.0,150.58,-4989.22
buy,487,11,33.0,148.44,-4918.58
buy,488,11,33.0,147.00,-4870.88
buy,489,11,34.0,145.18,-4956.16
buy,490,11,34.0,144.06,-4918.14
buy,491,11,34.0,143.65,-4904.22
buy,492,11,34.0,144.67,-4938.69
buy,493,11,34.0,143.82,-4909.95
buy,792,11,37.0,133.46,-4957.90
buy,793,11,38.0,130.91,-4994.77
sell,887,11,510.0,143.83,73333.69
buy,1144,11,21.0,234.00,-4933.90
buy,1145,11,21.0,232.42,-4900.85
buy,1146,11,21.0,231.62,-4884.00
buy,1147,11,21.0,232.22,-4896.59
buy,1148,11,21.0,228.41,-4816.56
buy,1149,11,21.0,229.86,-4846.98
buy,1150,11,21.0,227.62,-4800.00
buy,1196,11,25.0,197.69,-4962.19
buy,1197,11,25.0,196.61,-4935.33
buy,1198,11,25.0,194.23,-4875.87
buy,1199,11,25.0,195.06,-4896.60
sell,1234,11,247.0,217.33,53661.26
buy,1279,11,23.0,207.90,-4801.72
buy,1280,11,24.0,205.71,-4957.00
buy,1281,11,24.0,205.08,-4941.87
buy,1282,11,24.0,203.04,-4892.98
buy,1283,11,24.0,203.87,-4912.99
buy,1284,11,24.0,201.50,-4856.02
buy,1285,11,24.0,200.72,-4837.37
buy,1286,11,25.0,197.31,-4952.83
buy,1287,11,25.0,196.48,-4932.05
buy,1288,11,25.0,196.33,-4928.30
buy,1289,11,25.0,194.46,-4881.55
buy,1290,11,25.0,193.66,-4861.55
buy,1403,11,28.0,174.06,-4893.59
buy,1404,11,29.0,171.57,-4995.67
buy,1405,11,29.0,171.58,-4995.80
buy,1406,11,28.0,171.96,-4834.98
sell,1441,11,406.0,187.10,75942.86
buy,1493,11,27.0,178.71,-4845.25
buy,1494,11,27.0,178.50,-4839.39
buy,1571,11,32.0,153.56,-4933.79
buy,1572,11,32.0,151.90,-4880.73
sell,1595,11,118.0,171.33,20196.80
buy,1607,11,31.0,159.06,-4950.86
buy,1608,11,31.0,159.24,-4956.58
sell,1698,11,62.0,180.04,11142.73
buy,1727,11,29.0,168.32,-4901.34
buy,1728,11,30.0,164.31,-4949.34
buy,1729,11,30.0,162.37,-4891.17
buy,1730,11,31.0,156.73,-4878.52
buy,1731,11,31.0,156.73,-4878.74
buy,1732,11,31.0,156.90,-4883.95
buy,1733,11,31.0,158.08,-4920.39
buy,1734,11,31.0,156.74,-4878.81
buy,1735,11,31.0,157.18,-4892.45
buy,1736,11,32.0,155.18,-4985.76
sell,1801,11,307.0,161.46,49549.28
buy,34,12,36.0,136.83,-4945.77
buy,35,12,37.0,132.74,-4931.54
buy,36,12,36.0,135.14,-4885.05
buy,37,12,37.0,131.86,-4898.72
buy,38,12,37.0,131.20,-4874.34
buy,39,12,38.0,130.94,-4995.65
buy,40,12,37.0,131.53,-4886.75
buy,41,12,38.0,128.97,-4920.67
buy,42,12,38.0,128.05,-4885.72
buy,43,12,40.0,124.45,-4997.86
buy,159,12,115.0,43.25,-4994.07
buy,160,12,111.0,44.71,-4982.86
buy,161,12,111.0,44.62,-4973.00
sell,173,12,744.0,59.04,43909.16
buy,213,12,124.0,39.87,-4964.18
sell,152,13,33,150.84,4957.79
buy,310,13,23.0,213.13,-4922.03
buy,311,13,23.0,210.13,-4852.90
buy,312,13,23.0,210.72,-4866.65
buy,313,13,23.0,208.13,-4806.96
buy,314,13,23.0,207.80,-4799.34
sell,358,13,115.0,205.23,23581.59
buy,547,13,32.0,151.91,-4880.97
buy,548,13,33.0,146.74,-4862.45
buy,549,13,35.0,141.40,-4968.97
buy,550,13,36.0,134.85,-4874.60
buy,551,13,36.0,136.07,-4918.61
buy,552,13,36.0,138.16,-4993.60
buy,553,13,36.0,137.13,-4956.60
sell,628,13,244.0,154.22,37608.47
buy,737,13,22.0,217.52,-4805.53
buy,738,13,22.0,218.95,-4836.99
buy,739,13,22.0,217.95,-4814.88
buy,740,13,23.0,214.19,-4946.33
buy,741,13,23.0,214.40,-4951.16
buy,796,13,20.0,243.10,-4881.96
buy,904,13,22.0,219.41,-4846.93
buy,905,13,22.0,217.90,-4813.80
buy,906,13,23.0,214.01,-4942.31
buy,907,13,23.0,211.59,-4886.57
buy,908,13,23.0,213.91,-4939.90
buy,944,13,25.0,197.13,-4948.17
sell,964,13,270.0,218.12,58873.12
buy,990,13,24.0,202.17,-4871.97
buy,991,13,24.0,202.12,-4870.87
buy,1011,13,30.0,162.69,-4900.55
buy,1012,13,31.0,158.23,-4924.98
buy,1013,13,31.0,159.14,-4953.39
buy,1014,13,32.0,154.83,-4974.42
buy,1015,13,31.0,157.35,-4897.90
buy,1016,13,32.0,155.03,-4980.82
buy,1149,13,39.0,127.62,-4997.24
buy,1150,13,38.0,128.12,-4888.61
buy,1151,13,37.0,131.29,-4877.85
buy,1181,13,41.0,119.01,-4899.41
buy,1182,13,41.0,119.32,-4912.01
buy,1183,13,43.0,115.67,-4993.93
sell,1235,13,474.0,141.97,67275.91
buy,1344,13,26.0,190.90,-4983.28
buy,1345,13,26.0,186.41,-4866.56
buy,1346,13,26.0,187.32,-4890.30
buy,1347,13,26.0,186.42,-4866.97
buy,1348,13,26.0,187.13,-4885.50
sell,1533,13,130.0,193.81,25175.03
buy,1596,13,37.0,133.59,-4962.95
buy,1597,13,38.0,130.04,-4961.42
buy,1598,13,38.0,129.50,-4941.13
buy,1599,13,38.0,129.97,-4958.93
buy,1600,13,38.0,129.10,-4925.77
buy,1627,13,41.0,120.86,-4975.32
buy,1628,13,41.0,120.23,-4949.33
buy,1730,13,44.0,112.88,-4986.57
buy,1731,13,44.0,111.16,-4911.25
buy,1732,13,45.0,108.42,-4899.09
buy,17,14,35.0,138.73,-4875.49
buy,18,14,35.0,139.05,-4886.81
buy,19,14,36.0,137.95,-4986.24
buy,20,14,36.0,135.35,-4892.56
buy,21,14,36.0,136.04,-4917.43
buy,46,14,37.0,134.29,-4988.86
sell,137,14,248.0,125.85,31190.23
buy,199,14,59.0,83.58,-4951.14
sell,231,14,59.0,135.49,7973.66
buy,373,14,37.0,132.29,-4914.65
buy,374,14,38.0,130.61,-4983.04
buy,375,14,39.0,125.85,-4928.03
buy,376,14,40.0,122.13,-4905.28
buy,377,14,41.0,120.65,-4966.80
buy,378,14,41.0,118.60,-4882.43
buy,379,14,41.0,120.22,-4949.00
sell,397,14,277.0,136.00,37651.80
buy,410,14,44.0,112.88,-4986.64
buy,411,14,45.0,110.07,-4973.33
buy,412,14,47.0,105.92,-4998.26
buy,413,14,49.0,101.14,-4975.92
buy,414,14,50.0,98.65,-4952.50
buy,415,14,51.0,95.97,-4914.34
buy,416,14,52.0,94.52,-4935.01
buy,417,14,54.0,91.77,-4975.47
buy,418,14,57.0,87.11,-4985.26
buy,419,14,58.0,85.18,-4960.60
buy,420,14,59.0,83.04,-4919.33
buy,421,14,62.0,79.22,-4931.79
buy,422,14,66.0,75.35,-4993.21
buy,423,14,68.0,73.14,-4993.54
buy,424,14,67.0,74.05,-4981.11
buy,425,14,69.0,71.99,-4987.06
buy,426,14,69.0,71.54,-4956.25
buy,427,14,69.0,71.26,-4937.12
buy,428,14,71.0,70.02,-4991.12
buy,429,14,70.0,70.79,-4975.61
sell,610,14,1177.0,47.89,56348.67
buy,745,14,68.0,72.49,-4949.17
buy,746,14,69.0,71.80,-4974.02
sell,823,14,137.0,111.14,15206.31
buy,929,14,41.0,119.29,-4910.98
buy,955,14,136.0,36.46,-4978.03
buy,956,14,133.0,37.34,-4986.55
buy,957,14,126.0,39.21,-4960.99
buy,958,14,127.0,39.20,-4998.88
buy,992,14,194.0,25.64,-4995.05
buy,993,14,184.0,26.95,-4978.76
sell,163,15,33,149.34,4908.11
buy,187,15,33.0,147.58,-4890.14
buy,235,15,35.0,139.61,-4906.46
buy,236,15,35.0,140.15,-4925.37
buy,287,15,35.0,141.39,-4968.74
buy,288,15,35.0,141.38,-4968.15
buy,289,15,36.0,137.17,-4958.09
buy,290,15,37.0,131.48,-4884.82
buy,291,15,37.0,133.55,-4961.44
sell,328,15,283.0,146.10,41326.31
buy,604,15,33.0,150.67,-4991.98
buy,627,15,36.0,135.61,-4901.79
buy,628,15,37.0,133.68,-4966.13
buy,629,15,37.0,134.54,-4997.90
buy,630,15,36.0,135.51,-4898.26
sell,664,15,179.0,153.36,27432.06
buy,1015,15,31.0,160.16,-4984.95
sell,1027,15,31.0,194.44,6007.50
buy,1069,15,28.0,173.15,-4868.12
buy,1070,15,29.0,169.76,-4943.16
buy,1071,15,29.0,167.75,-4884.78
buy,1072,15,30.0,162.02,-4880.63
buy,1073,15,30.0,162.91,-4907.44
buy,1074,15,30.0,162.86,-4905.67
buy,1075,15,30.0,162.07,-4881.97
buy,1095,15,32.0,151.05,-4853.67
buy,1096,15,33.0,150.31,-4980.34
buy,1140,15,38.0,129.25,-4931.37
buy,1141,15,39.0,125.07,-4897.74
buy,1142,15,41.0,119.11,-4903.35
buy,1143,15,41.0,118.76,-4889.02
buy,1144,15,42.0,118.29,-4988.05
buy,1145,15,43.0,115.53,-4987.98
buy,1146,15,44.0,112.03,-4949.25
buy,1147,15,43.0,113.77,-4912.25
sell,1187,15,602.0,123.97,74611.48
buy,1236,15,41.0,120.63,-4965.97
buy,1237,15,41.0,119.58,-4922.77
buy,1238,15,41.0,119.10,-4903.13
buy,1239,15,41.0,120.40,-4956.37
buy,1251,15,48.0,102.13,-4922.06
buy,1252,15,49.0,99.91,-4915.80
buy,1253,15,49.0,101.37,-4987.22
buy,1254,15,48.0,101.73,-4902.91
buy,1255,15,50.0,98.03,-4921.45
sell,1285,15,408.0,103.32,42134.93
buy,1635,15,52.0,94.27,-4922.16
buy,1636,15,52.0,95.41,-4981.51
buy,1637,15,53.0,93.78,-4990.32
buy,1638,15,53.0,93.24,-4961.72
buy,1639,15,53.0,92.99,-4948.62
buy,1652,15,61.0,81.61,-4997.97
buy,1707,15,60.0,82.82,-4989.34
sell,1752,15,384.0,105.31,40417.50
buy,1801,15,55.0,89.18,-4924.65
buy,1802,15,57.0,87.36,-4999.31
buy,1803,15,59.0,83.66,-4955.77
buy,1804,15,59.0,83.01,-4917.77
buy,1824,15,59.0,84.17,-4985.76
sell,21,16,33,171.77,5648.48
buy,112,16,32.0,155.47,-4995.19
buy,113,16,32.0,154.11,-4951.38
sell,168,16,64.0,250.27,15997.00
buy,357,16,17.0,280.59,-4789.97
buy,358,16,18.0,274.42,-4959.65
buy,359,16,18.0,274.94,-4968.88
buy,360,16,18.0,276.63,-4999.43
buy,361,16,18.0,276.39,-4995.10
sell,512,16,89.0,341.40,30364.62
buy,531,16,15.0,331.76,-4996.39
sell,555,16,15.0,346.90,5183.48
buy,594,16,14.0,333.39,-4687.47
sell,604,16,14.0,347.75,4848.47
buy,857,16,13.0,355.98,-4647.78
buy,858,16,13.0,357.65,-4669.41
buy,859,16,14.0,355.19,-4992.63
buy,860,16,14.0,355.05,-4990.73
buy,861,16,14.0,355.09,-4991.21
buy,862,16,14.0,352.83,-4959.67
buy,863,16,14.0,350.71,-4929.93
buy,864,16,14.0,350.61,-4928.49
buy,865,16,14.0,344.91,-4848.70
buy,866,16,14.0,344.49,-4842.92
buy,867,16,14.0,343.49,-4828.86
buy,868,16,14.0,341.48,-4800.76
buy,869,16,14.0,340.09,-4781.29
buy,870,16,14.0,339.51,-4773.13
buy,871,16,14.0,339.82,-4777.42
buy,872,16,14.0,339.59,-4774.22
buy,873,16,14.0,340.47,-4786.54
buy,874,16,14.0,339.42,-4771.90
buy,875,16,14.0,338.14,-4753.92
buy,876,16,14.0,337.17,-4740.39
buy,877,16,14.0,336.01,-4724.13
buy,878,16,14.0,332.58,-4676.12
buy,879,16,15.0,331.90,-4998.51
buy,880,16,15.0,330.79,-4981.88
sell,927,16,336.0,352.69,118485.33
buy,1152,16,12.0,410.61,-4947.35
sell,1267,16,12.0,444.00,5307.97
buy,1412,16,12.0,413.26,-4979.11
buy,1428,16,12.0,400.32,-4823.79
buy,1429,16,12.0,400.23,-4822.74
buy,1430,16,12.0,399.49,-4813.83
sell,1448,16,48.0,480.38,23038.02
buy,1464,16,10.0,468.67,-4706.66
buy,1465,16,10.0,470.48,-4724.78
buy,1466,16,10.0,468.30,-4702.97
buy,1467,16,10.0,467.47,-4694.67
buy,1468,16,10.0,467.83,-4698.34
sell,1560,16,50.0,471.07,23533.32
buy,1605,16,11.0,443.14,-4894.56
sell,1637,16,11.0,494.05,5414.55
buy,1787,16,10.0,485.36,-4873.62
sell,1801,16,10.0,522.33,5203.26
buy,76,17,35.0,140.00,-4920.00
buy,77,17,37.0,133.97,-4976.85
buy,78,17,39.0,127.54,-4994.08
buy,79,17,40.0,123.99,-4979.59
buy,80,17,40.0,122.52,-4920.67
buy,81,17,41.0,121.35,-4995.28
buy,82,17,42.0,117.74,-4964.99
buy,83,17,41.0,118.96,-4897.20
sell,189,17,348.0,182.01,63320.30
buy,244,17,24.0,201.43,-4854.38
buy,245,17,24.0,202.18,-4872.25
buy,246,17,24.0,201.11,-4846.69
buy,321,17,26.0,189.00,-4933.93
sell,335,17,98.0,206.96,20261.60
buy,398,17,17.0,289.07,-4934.21
buy,399,17,17.0,284.64,-4858.82
buy,400,17,17.0,280.59,-4789.98
buy,401,17,17.0,276.80,-4725.64
buy,402,17,18.0,271.98,-4915.65
buy,403,17,18.0,270.50,-4888.93
buy,404,17,18.0,268.13,-4846.36
buy,405,17,18.0,266.93,-4824.81
buy,406,17,18.0,264.98,-4789.64
buy,407,17,18.0,264.99,-4789.82
buy,408,17,18.0,265.05,-4790.93
buy,409,17,18.0,265.63,-4801.30
sell,422,17,212.0,277.38,58784.59
buy,445,17,18.0,268.73,-4857.15
buy,446,17,18.0,267.91,-4842.38
buy,507,17,18.0,267.99,-4843.87
buy,508,17,18.0,267.87,-4841.70
buy,509,17,19.0,260.52,-4969.94
buy,510,17,19.0,260.78,-4974.77
buy,511,17,19.0,260.07,-4961.38
buy,512,17,19.0,261.86,-4995.40
buy,554,17,19.0,250.73,-4783.81
buy,588,17,21.0,231.34,-4878.14
buy,589,17,21.0,229.53,-4840.13
buy,590,17,21.0,229.23,-4833.87
buy,591,17,21.0,227.90,-4805.82
buy,592,17,21.0,228.05,-4809.13
buy,681,17,22.0,223.73,-4942.04
buy,682,17,22.0,224.61,-4961.48
sell,765,17,316.0,235.61,74432.36
buy,779,17,22.0,218.47,-4826.41
buy,780,17,22.0,218.18,-4820.00
buy,781,17,23.0,215.62,-4979.25
buy,821,17,25.0,193.25,-4851.34
buy,822,17,25.0,194.02,-4870.53
buy,945,17,38.0,131.05,-4999.93
buy,946,17,38.0,130.48,-4978.26
sell,967,17,193.0,138.83,26773.46
buy,1233,17,27.0,180.53,-4894.40
buy,1234,17,27.0,178.29,-4833.88
buy,1363,17,29.0,171.39,-4990.19
buy,1364,17,29.0,170.20,-4955.83
buy,1365,17,29.0,168.50,-4906.44
buy,1366,17,29.0,167.17,-4868.04
buy,1367,17,30.0,165.22,-4976.69
buy,1368,17,30.0,162.89,-4906.77
buy,1456,17,41.0,118.91,-4895.47
buy,1528,17,49.0,100.19,-4929.43
buy,1529,17,52.0,94.22,-4919.34
buy,1530,17,56.0,88.80,-4992.53
buy,1531,17,57.0,87.07,-4983.18
buy,1532,17,55.0,89.33,-4932.94
buy,1533,17,55.0,90.43,-4993.52
sell,1677,17,595.0,108.67,64637.64
buy,1798,17,22.0,224.32,-4954.93
sell,65,18,33,159.32,5237.63
buy,171,18,29.0,171.03,-4979.75
buy,341,18,31.0,158.80,-4942.74
sell,405,18,60.0,162.69,9741.36
buy,506,18,29.0,167.99,-4891.69
buy,507,18,29.0,168.15,-4896.35
buy,508,18,29.0,166.58,-4850.70
sell,523,18,87.0,180.69,15700.18
buy,610,18,30.0,162.35,-4890.38
buy,679,18,30.0,162.19,-4885.58
buy,680,18,30.0,163.04,-4911.27
buy,681,18,30.0,163.36,-4920.78
sell,760,18,120.0,176.16,21118.90
buy,851,18,20.0,237.67,-4773.46
buy,877,18,22.0,224.94,-4968.64
sell,888,18,42.0,241.83,10136.70
buy,989,18,18.0,265.83,-4805.02
sell,1004,18,18.0,278.59,4994.61
buy,1232,18,22.0,216.69,-4787.25
buy,1233,18,23.0,211.38,-4881.67
buy,1234,18,24.0,204.93,-4938.30
buy,1235,18,25.0,198.93,-4993.33
buy,1236,18,24.0,200.42,-4830.15
buy,1237,18,24.0,199.42,-4805.99
buy,1238,18,24.0,200.78,-4838.71
buy,1239,18,24.0,199.26,-4802.13
buy,1240,18,25.0,199.15,-4998.67
buy,1254,18,27.0,183.93,-4986.03
buy,1255,18,27.0,183.85,-4983.93
buy,1326,18,27.0,179.36,-4862.84
buy,1327,18,27.0,180.05,-4881.36
buy,1403,18,32.0,151.64,-4872.37
buy,1404,18,33.0,148.97,-4936.11
buy,1405,18,33.0,148.03,-4905.13
buy,1406,18,33.0,146.87,-4866.70
buy,1407,18,33.0,148.85,-4932.21
buy,1408,18,34.0,145.77,-4976.11
buy,1409,18,34.0,145.61,-4970.89
buy,1410,18,34.0,144.07,-4918.27
buy,1430,18,34.0,143.67,-4904.70
buy,1431,18,35.0,141.20,-4962.12
sell,1502,18,658.0,148.28,97547.07
buy,1553,18,39.0,124.82,-4888.03
buy,1554,18,39.0,127.10,-4976.82
sell,1570,18,78.0,141.78,11039.16
buy,1634,18,41.0,120.09,-4943.88
buy,1635,18,42.0,118.01,-4976.47
buy,1636,18,41.0,119.47,-4918.22
buy,1671,18,50.0,99.33,-4986.28
buy,1672,18,50.0,98.51,-4945.45
buy,1673,18,49.0,100.33,-4936.35
sell,1718,18,273.0,135.40,36944.04
buy,1763,18,31.0,158.33,-4928.17
buy,1779,18,34.0,146.37,-4996.42
buy,1780,18,33.0,147.73,-4895.09
buy,1781,18,34.0,142.50,-4865.17
buy,1782,18,35.0,138.43,-4865.11
buy,1783,18,35.0,139.46,-4901.06
buy,1784,18,36.0,135.19,-4886.68
buy,1785,18,36.0,136.40,-4930.28
sell,1798,18,274.0,152.21,41686.88
buy,78,19,34.0,143.76,-4907.89
buy,79,19,35.0,141.85,-4984.78
buy,80,19,35.0,141.37,-4967.97
buy,129,19,39.0,124.56,-4878.00
buy,130,19,40.0,124.23,-4989.09
buy,131,19,40.0,124.33,-4993.19
buy,153,19,45.0,110.10,-4974.37
buy,154,19,45.0,108.35,-4895.79
buy,155,19,45.0,110.48,-4991.62
buy,170,19,52.0,95.08,-4964.27
buy,171,19,52.0,94.12,-4914.49
buy,172,19,55.0,89.64,-4950.45
buy,173,19,55.0,90.24,-4983.44
buy,174,19,55.0,90.01,-4970.36
buy,175,19,57.0,87.32,-4997.19
buy,176,19,56.0,87.98,-4946.99
sell,251,19,773.0,108.19,83614.40
buy,860,19,26.0,188.10,-4910.62
buy,861,19,26.0,185.45,-4841.81
buy,862,19,27.0,181.83,-4929.47
buy,970,19,35.0,138.40,-4863.94
buy,971,19,37.0,134.31,-4989.62
buy,972,19,36.0,134.79,-4872.48
buy,973,19,37.0,133.80,-4970.60
buy,974,19,36.0,134.98,-4879.19
buy,975,19,37.0,131.81,-4897.02
buy,976,19,37.0,133.04,-4942.58
buy,1066,19,48.0,101.93,-4912.43
buy,1067,19,47.0,103.93,-4904.62
buy,1068,19,48.0,102.39,-4934.52
sell,1213,19,477.0,138.59,66085.82
buy,1265,19,42.0,117.31,-4947.08
buy,1266,19,41.0,119.60,-4923.70
sell,1335,19,83.0,146.50,12139.68
buy,1547,19,25.0,194.79,-4889.78
buy,1561,19,27.0,179.61,-4869.41
buy,1562,19,27.0,179.37,-4863.07
buy,1563,19,28.0,175.96,-4946.77
buy,1564,19,28.0,175.20,-4925.59
buy,1565,19,28.0,174.24,-4898.81
buy,1566,19,28.0,172.77,-4857.69
buy,1567,19,28.0,173.18,-4869.04
sell,1705,19,219.0,193.68,42395.15
buy,1760,19,26.0,184.51,-4817.36
buy,29,20,36.0,137.48,-4969.18
buy,62,20,63.0,78.63,-4973.58
buy,63,20,66.0,74.55,-4940.23
buy,64,20,67.0,73.78,-4963.05
buy,65,20,64.0,77.08,-4953.04
sell,100,20,329.0,108.11,35547.67
buy,333,20,38.0,130.15,-4965.84
buy,334,20,38.0,128.60,-4906.71
buy,335,20,39.0,126.96,-4971.29
buy,336,20,39.0,126.01,-4934.28
buy,337,20,39.0,124.66,-4881.77
buy,338,20,40.0,124.50,-4999.96
sell,365,20,233.0,141.42,32931.64
buy,435,20,34.0,142.80,-4875.34
buy,436,20,35.0,139.84,-4914.50
sell,467,20,69.0,162.45,11189.00
buy,478,20,33.0,147.45,-4885.98
buy,479,20,33.0,147.19,-4877.41
buy,538,20,39.0,124.99,-4894.68
buy,539,20,39.0,124.72,-4884.23
buy,540,20,39.0,125.17,-4901.73
buy,541,20,39.0,125.37,-4909.52
buy,542,20,40.0,123.44,-4957.56
buy,599,20,48.0,103.55,-4990.58
buy,600,20,49.0,101.11,-4974.39
buy,637,20,73.0,67.79,-4968.64
sell,707,20,432.0,79.74,34425.56
buy,718,20,77.0,64.56,-4991.23
buy,719,20,78.0,63.67,-4986.34
buy,720,20,78.0,63.12,-4943.62
buy,721,20,82.0,60.31,-4965.59
buy,722,20,81.0,61.05,-4964.72
sell,956,20,396.0,63.48,25119.80
buy,1328,20,32.0,152.18,-4889.87
buy,1329,20,33.0,147.69,-4893.81
buy,1330,20,35.0,140.88,-4950.96
buy,1331,20,36.0,138.03,-4989.25
buy,1332,20,38.0,130.63,-4983.79
buy,1333,20,38.0,129.10,-4925.76
buy,1334,20,38.0,128.60,-4906.89
buy,1335,20,38.0,127.86,-4878.56
buy,1336,20,39.0,126.69,-4960.93
sell,1401,20,327.0,140.94,46066.52
buy,1468,20,50.0,99.11,-4975.35
buy,1469,20,50.0,99.44,-4992.05
buy,1470,20,51.0,96.29,-4930.68
buy,1471,20,52.0,94.02,-4909.24
buy,1504,20,61.0,81.59,-4996.82
buy,1505,20,59.0,84.04,-4978.33
buy,1506,20,59.0,83.20,-4928.75
buy,1507,20,59.0,83.69,-4957.95
sell,1576,20,441.0,91.48,40321.94
sell,46,21,33,167.91,5520.94
buy,113,21,30.0,160.97,-4849.11
buy,114,21,31.0,159.04,-4950.23
sell,190,21,61.0,180.37,10982.50
buy,768,21,16.0,298.42,-4794.68
buy,769,21,16.0,293.85,-4721.59
buy,770,21,17.0,286.05,-4882.88
buy,771,21,17.0,281.32,-4802.52
buy,772,21,17.0,279.09,-4764.56
buy,773,21,18.0,275.41,-4977.30
buy,774,21,18.0,273.08,-4935.37
buy,775,21,18.0,273.62,-4945.15
buy,776,21,18.0,275.52,-4979.35
sell,833,21,155.0,292.11,45257.69
buy,923,21,18.0,268.09,-4845.60
buy,924,21,18.0,266.91,-4824.41
buy,925,21,18.0,268.72,-4856.92
buy,926,21,18.0,266.74,-4821.32
buy,927,21,18.0,265.30,-4795.44
buy,928,21,18.0,265.00,-4790.03
buy,929,21,18.0,264.09,-4773.67
buy,930,21,18.0,264.85,-4787.35
sell,965,21,144.0,313.09,45064.92
buy,1325,21,11.0,418.39,-4622.31
buy,1326,21,11.0,418.49,-4623.41
sell,1399,21,22.0,437.06,9595.24
buy,1556,21,10.0,473.59,-4755.88
buy,59,22,37.0,134.05,-4979.68
buy,86,22,38.0,128.11,-4888.27
buy,87,22,38.0,128.47,-4901.90
buy,121,22,38.0,129.60,-4944.80
buy,122,22,39.0,126.94,-4970.68
buy,123,22,39.0,125.60,-4918.28
buy,124,22,41.0,119.93,-4937.19
buy,125,22,43.0,115.26,-4976.37
buy,126,22,43.0,115.38,-4981.16
sell,151,22,389.0,128.57,49992.25
buy,479,22,34.0,145.50,-4966.88
buy,480,22,34.0,145.21,-4957.22
buy,481,22,35.0,139.01,-4885.52
buy,482,22,35.0,140.57,-4939.98
buy,483,22,35.0,139.12,-4889.10
buy,484,22,36.0,136.86,-4947.11
buy,485,22,36.0,135.99,-4915.74
buy,486,22,37.0,133.04,-4942.40
buy,487,22,37.0,131.70,-4893.02
buy,488,22,37.0,132.48,-4921.82
buy,489,22,37.0,131.24,-4876.04
buy,490,22,39.0,126.96,-4971.25
buy,533,22,39.0,125.50,-4914.31
buy,534,22,39.0,125.67,-4921.14
buy,654,22,35.0,141.59,-4975.68
sell,772,22,545.0,191.12,104142.67
buy,947,22,23.0,211.12,-4875.77
buy,1176,22,20.0,240.80,-4836.02
buy,1177,22,20.0,240.84,-4836.86
buy,1178,22,20.0,239.23,-4804.52
buy,1195,22,22.0,219.42,-4847.35
buy,1196,22,22.0,219.53,-4849.57
buy,1197,22,22.0,217.17,-4797.67
buy,1198,22,23.0,215.82,-4983.82
buy,1199,22,23.0,216.32,-4995.26
buy,1200,22,23.0,213.00,-4919.10
buy,1201,22,23.0,213.35,-4927.08
buy,1275,22,29.0,166.33,-4843.51
buy,1276,22,30.0,163.26,-4917.84
buy,1277,22,31.0,160.43,-4993.43
buy,1278,22,31.0,159.06,-4950.92
buy,1279,22,32.0,152.46,-4898.67
buy,1280,22,32.0,152.65,-4904.86
buy,1281,22,32.0,153.24,-4923.56
buy,1282,22,32.0,152.45,-4898.37
buy,1283,22,32.0,152.75,-4908.00
buy,1284,22,32.0,153.49,-4931.54
buy,1285,22,32.0,151.31,-4862.05
buy,1318,22,35.0,138.67,-4873.60
buy,1319,22,36.0,136.58,-4936.86
buy,1320,22,36.0,136.46,-4932.68
buy,1321,22,36.0,136.24,-4924.61
sell,1346,22,729.0,150.22,109489.66
buy,1471,22,41.0,121.01,-4981.46
buy,1472,22,40.0,121.72,-4888.74
buy,1473,22,41.0,119.74,-4929.43
buy,1474,22,42.0,117.87,-4970.74
buy,1475,22,41.0,118.77,-4889.60
buy,1476,22,42.0,117.63,-4960.56
buy,1477,22,42.0,117.09,-4937.78
buy,1478,22,42.0,116.55,-4915.29
buy,1479,22,43.0,114.22,-4931.58
buy,1480,22,43.0,113.46,-4898.83
buy,1481,22,45.0,110.05,-4972.40
buy,1482,22,44.0,111.25,-4914.96
buy,1483,22,44.0,111.72,-4935.51
buy,1538,22,59.0,83.09,-4922.54
buy,1539,22,60.0,82.01,-4940.44
buy,1540,22,63.0,78.07,-4938.36
buy,1541,22,66.0,75.14,-4979.51
buy,1542,22,65.0,75.56,-4931.70
buy,1543,22,68.0,72.39,-4942.78
buy,1544,22,72.0,69.16,-4999.52
buy,1545,22,71.0,69.87,-4980.47
buy,1546,22,72.0,68.70,-4966.18
buy,1547,22,73.0,67.55,-4951.00
buy,1592,22,114.0,43.53,-4982.29
buy,1593,22,115.0,43.17,-4984.31
buy,1594,22,137.0,36.31,-4993.94
buy,1595,22,157.0,31.55,-4973.55
buy,1596,22,181.0,27.46,-4990.52
buy,1597,22,233.0,21.31,-4985.00
buy,1598,22,303.0,16.44,-4999.99
buy,1599,22,530.0,9.39,-4996.36
buy,1600,22,2300.0,2.16,-4998.65
buy,16,23,39.0,126.97,-4971.82
buy,145,23,57.0,86.62,-4957.47
buy,146,23,55.0,89.45,-4939.55
sell,196,23,184.0,96.38,17713.76
buy,237,23,58.0,85.74,-4992.88
buy,238,23,58.0,85.70,-4990.62
buy,356,23,85.0,58.38,-4982.41
buy,357,23,94.0,52.86,-4988.45
buy,358,23,106.0,46.83,-4984.08
buy,359,23,121.0,40.92,-4970.81
buy,360,23,166.0,29.89,-4981.87
buy,361,23,219.0,22.70,-4990.36
buy,362,23,275.0,18.09,-4995.20
buy,363,23,474.0,10.50,-4994.92
buy,364,23,2177.0,2.29,-4998.24
buy,365,23,1161.0,4.29,-4996.92
sell,39,24,33,206.20,6784.64
buy,93,24,26.0,187.23,-4887.96
sell,326,24,26.0,183.63,4754.32
buy,434,24,27.0,184.21,-4993.55
buy,435,24,27.0,181.69,-4925.53
buy,436,24,27.0,180.86,-4903.35
buy,437,24,27.0,181.27,-4914.26
buy,438,24,27.0,179.47,-4865.59
buy,439,24,27.0,179.33,-4862.02
buy,440,24,28.0,177.65,-4994.29
sell,465,24,190.0,181.05,34379.93
buy,546,24,27.0,179.33,-4861.99
buy,547,24,28.0,175.13,-4923.73
buy,548,24,28.0,171.73,-4828.33
buy,549,24,28.0,171.94,-4834.42
buy,550,24,29.0,170.64,-4968.43
buy,551,24,29.0,166.77,-4856.29
buy,552,24,29.0,169.04,-4922.05
buy,570,24,33.0,150.32,-4980.65
sell,639,24,231.0,130.87,30211.77
buy,672,24,40.0,121.72,-4888.86
buy,673,24,41.0,119.85,-4933.72
buy,674,24,42.0,117.36,-4948.93
buy,675,24,42.0,116.45,-4911.08
buy,676,24,43.0,114.29,-4934.37
buy,677,24,44.0,112.52,-4970.69
buy,678,24,44.0,112.45,-4967.77
buy,679,24,44.0,111.32,-4917.92
buy,680,24,44.0,111.76,-4937.42
buy,681,24,44.0,112.00,-4948.04
buy,682,24,44.0,111.31,-4917.50
buy,683,24,44.0,110.93,-4901.06
buy,684,24,45.0,110.04,-4971.85
buy,685,24,45.0,110.19,-4978.53
buy,686,24,46.0,107.41,-4960.73
sell,766,24,652.0,136.95,89272.22
buy,1126,24,51.0,96.65,-4948.98
buy,1127,24,52.0,94.01,-4908.31
buy,1128,24,56.0,87.82,-4937.85
buy,1129,24,56.0,87.64,-4927.86
buy,1130,24,56.0,87.70,-4930.93
buy,1131,24,57.0,86.83,-4969.26
buy,1132,24,58.0,84.98,-4948.59
buy,1133,24,60.0,81.64,-4918.61
buy,1134,24,61.0,81.17,-4971.15
sell,1177,24,507.0,99.95,50656.52
buy,1319,24,29.0,169.99,-4949.65
sell,1342,24,29.0,180.23,5206.63
buy,1719,24,23.0,210.77,-4867.82
buy,1720,24,23.0,211.94,-4894.72
buy,1746,24,25.0,192.81,-4840.34
buy,1802,24,27.0,179.78,-4874.10
buy,1803,24,27.0,178.70,-4844.82
buy,1804,24,27.0,179.84,-4875.63
sell,185,25,33,187.13,6155.14
buy,202,25,27.0,180.29,-4887.75
sell,329,25,27.0,218.94,5891.39
buy,522,25,19.0,259.46,-4949.71
buy,523,25,19.0,254.86,-4862.31
buy,524,25,19.0,252.72,-4821.61
buy,525,25,19.0,254.92,-4863.45
buy,707,25,19.0,257.03,-4903.61
buy,768,25,20.0,237.47,-4769.46
buy,769,25,20.0,239.32,-4806.45
buy,824,25,21.0,236.67,-4990.10
buy,825,25,20.0,238.13,-4782.50
sell,847,25,176.0,263.05,46276.83
buy,976,25,18.0,275.08,-4971.41
buy,977,25,18.0,271.93,-4914.74
buy,978,25,18.0,268.17,-4846.99
buy,979,25,18.0,266.59,-4818.57
buy,980,25,18.0,267.99,-4843.83
buy,1025,25,19.0,253.56,-4837.57
buy,1026,25,19.0,251.50,-4798.54
sell,1109,25,128.0,306.87,39259.18
buy,1163,25,14.0,342.84,-4819.73
buy,1164,25,14.0,343.15,-4824.07
sell,1272,25,28.0,369.58,10328.16
buy,1288,25,14.0,352.67,-4957.43
buy,1289,25,14.0,348.53,-4899.38
buy,1290,25,14.0,348.81,-4903.39
sell,1303,25,42.0,385.60,16175.04
buy,1594,25,9.0,498.23,-4504.11
buy,1595,25,10.0,495.51,-4975.11
buy,1596,25,10.0,495.77,-4977.65
buy,1597,25,10.0,495.39,-4973.86
buy,1598,25,10.0,494.93,-4969.27
buy,1599,25,10.0,495.40,-4973.97
buy,1600,25,10.0,495.30,-4973.05
sell,1687,25,69.0,547.31,37744.17
sell,25,26,33,160.65,5281.46
buy,130,26,37.0,133.77,-4969.50
buy,131,26,37.0,133.45,-4957.63
buy,267,26,49.0,101.59,-4998.12
buy,268,26,49.0,99.78,-4909.33
buy,269,26,50.0,99.38,-4989.02
buy,270,26,50.0,98.03,-4921.71
buy,271,26,50.0,97.74,-4906.88
buy,272,26,51.0,97.20,-4977.42
buy,273,26,51.0,97.65,-4999.97
buy,274,26,52.0,94.26,-4921.32
buy,275,26,53.0,93.86,-4994.57
sell,309,26,529.0,105.44,55758.29
buy,339,26,54.0,92.04,-4989.98
buy,340,26,55.0,90.05,-4972.82
buy,341,26,56.0,87.57,-4924.06
buy,342,26,57.0,86.65,-4959.23
buy,343,26,56.0,88.18,-4958.12
buy,344,26,57.0,86.72,-4963.00
sell,638,26,335.0,176.06,58960.25
buy,1026,26,22.0,218.97,-4837.24
buy,1055,26,23.0,207.58,-4794.38
buy,1056,26,24.0,207.28,-4994.60
buy,1057,26,23.0,208.46,-4814.68
buy,1058,26,23.0,209.48,-4838.06
buy,1059,26,24.0,206.63,-4979.23
buy,1092,26,26.0,189.69,-4951.82
buy,1093,26,26.0,188.71,-4926.42
buy,1094,26,26.0,187.26,-4888.77
buy,1095,26,26.0,185.60,-4845.72
sell,1105,26,243.0,199.73,48513.87
buy,1145,26,19.0,252.58,-4819.09
buy,1146,26,20.0,240.72,-4834.33
buy,1147,26,21.0,230.20,-4854.19
buy,1148,26,21.0,229.39,-4837.23
buy,1149,26,21.0,228.37,-4815.85
buy,1150,26,21.0,226.64,-4779.43
buy,1151,26,21.0,229.00,-4828.90
sell,1163,26,144.0,242.88,34954.38
buy,1540,26,16.0,309.44,-4971.00
buy,1541,26,16.0,309.58,-4973.34
buy,1542,26,16.0,309.71,-4975.34
buy,1569,26,17.0,285.63,-4875.79
sell,1582,26,65.0,300.62,19520.06
buy,1624,26,17.0,281.50,-4805.50
buy,1625,26,17.0,282.68,-4825.56
buy,1626,26,17.0,282.36,-4820.10
buy,1642,26,18.0,272.54,-4925.66
sell,1677,26,69.0,292.77,20181.11
buy,1696,26,17.0,282.83,-4828.12
buy,1697,26,17.0,283.07,-4832.21
buy,1698,26,17.0,281.03,-4797.58
buy,1699,26,17.0,279.87,-4777.78
buy,1700,26,17.0,280.04,-4780.63
buy,1701,26,17.0,280.09,-4781.60
buy,1702,26,17.0,278.89,-4761.12
sell,88,27,33,171.30,5632.91
buy,168,27,28.0,172.37,-4846.28
buy,169,27,29.0,170.84,-4974.46
sell,185,27,57.0,193.77,11025.01
buy,302,27,22.0,219.91,-4858.04
buy,303,27,23.0,216.30,-4994.91
buy,304,27,23.0,216.17,-4991.95
buy,305,27,23.0,216.48,-4998.99
buy,306,27,23.0,214.98,-4964.47
buy,307,27,23.0,212.78,-4913.94
buy,338,27,24.0,200.28,-4826.62
buy,339,27,24.0,201.60,-4858.40
sell,516,27,185.0,293.65,54305.69
buy,749,27,15.0,317.98,-4789.67
buy,750,27,15.0,319.98,-4819.68
buy,751,27,15.0,319.52,-4812.78
sell,781,27,45.0,326.90,14690.52
buy,792,27,15.0,313.55,-4723.22
buy,793,27,15.0,312.52,-4707.80
sell,803,27,30.0,327.15,9794.44
buy,855,27,15.0,326.32,-4914.82
sell,882,27,15.0,337.84,5047.55
buy,893,27,16.0,310.84,-4993.36
buy,894,27,16.0,306.91,-4930.49
buy,895,27,16.0,303.26,-4872.15
buy,896,27,16.0,300.99,-4835.88
buy,897,27,16.0,300.12,-4821.98
buy,898,27,16.0,301.44,-4843.11
buy,1070,27,16.0,298.02,-4788.28
buy,1071,27,16.0,296.88,-4770.09
buy,1072,27,16.0,294.90,-4738.41
buy,1073,27,16.0,296.18,-4758.93
sell,1108,27,160.0,314.32,50270.84
buy,1278,27,16.0,299.55,-4812.78
buy,1279,27,16.0,298.63,-4798.03
buy,1280,27,16.0,295.73,-4751.74
buy,1281,27,16.0,295.67,-4750.69
buy,1282,27,16.0,293.78,-4720.47
buy,1283,27,17.0,292.10,-4985.64
buy,1284,27,17.0,290.45,-4957.71
sell,1301,27,114.0,325.46,37082.42
buy,1410,27,14.0,338.96,-4765.39
buy,1430,27,15.0,328.30,-4944.57
buy,1431,27,15.0,327.29,-4929.28
buy,1432,27,15.0,322.38,-4855.68
buy,1433,27,15.0,323.29,-4869.29
buy,1434,27,15.0,322.37,-4855.50
buy,1490,27,17.0,282.58,-4823.86
buy,1491,27,18.0,273.34,-4940.18
buy,1492,27,18.0,269.82,-4876.80
buy,1493,27,18.0,266.55,-4817.85
buy,1494,27,19.0,261.33,-4985.32
buy,1495,27,18.0,265.23,-4794.23
buy,1496,27,18.0,263.89,-4770.00
sell,1509,27,215.0,308.45,66295.82
buy,1546,27,19.0,256.95,-4902.07
buy,1547,27,19.0,253.04,-4827.74
buy,1548,27,20.0,247.29,-4965.73
buy,1549,27,20.0,246.44,-4948.72
buy,1550,27,20.0,245.72,-4934.43
buy,1551,27,20.0,246.22,-4944.33
buy,1552,27,20.0,246.06,-4941.29
buy,1553,27,20.0,245.92,-4938.31
buy,1554,27,20.0,244.40,-4907.96
buy,1555,27,20.0,244.51,-4910.20
sell,1584,27,198.0,251.30,49738.24
buy,1735,27,24.0,199.32,-4803.57
buy,1736,27,25.0,196.18,-4924.52
buy,1737,27,25.0,196.47,-4931.80
buy,1738,27,25.0,192.45,-4831.16
buy,1739,27,26.0,190.87,-4982.74
buy,1740,27,26.0,189.92,-4957.96
buy,1741,27,26.0,190.59,-4975.40
buy,1742,27,26.0,190.94,-4984.49
sell,11,28,33,167.08,5493.51
buy,184,28,31.0,157.52,-4903.16
buy,185,28,31.0,158.57,-4935.56
buy,186,28,31.0,155.99,-4855.82
buy,187,28,32.0,152.50,-4900.04
buy,188,28,34.0,146.33,-4995.15
buy,189,28,35.0,139.50,-4902.43
buy,190,28,36.0,135.25,-4889.15
buy,191,28,37.0,132.57,-4924.99
buy,192,28,39.0,126.09,-4937.60
buy,193,28,42.0,118.43,-4993.97
buy,194,28,42.0,117.84,-4969.37
buy,195,28,45.0,110.10,-4974.50
buy,196,28,47.0,105.44,-4975.52
buy,197,28,50.0,97.70,-4904.95
buy,198,28,54.0,91.83,-4978.95
buy,199,28,56.0,87.77,-4935.39
buy,200,28,64.0,77.62,-4987.39
buy,201,28,63.0,77.84,-4923.61
buy,202,28,64.0,77.53,-4981.69
buy,203,28,64.0,76.73,-4930.48
buy,204,28,66.0,74.90,-4963.68
buy,205,28,64.0,76.80,-4935.19
buy,319,28,98.0,50.61,-4979.93
buy,320,28,99.0,50.03,-4972.61
buy,321,28,92.0,53.61,-4952.49
buy,322,28,97.0,51.23,-4989.72
buy,323,28,97.0,51.31,-4996.81
buy,386,28,102.0,48.58,-4974.66
buy,387,28,108.0,45.90,-4976.92
buy,388,28,108.0,45.93,-4980.09
sell,459,28,1828.0,61.98,113283.88
buy,650,28,101.0,48.85,-4954.31
buy,651,28,104.0,47.65,-4975.71
buy,652,28,114.0,43.60,-4990.82
buy,653,28,120.0,41.18,-4961.49
buy,654,28,126.0,39.24,-4964.45
buy,655,28,131.0,37.98,-4995.67
buy,656,28,132.0,37.58,-4980.23
buy,657,28,131.0,37.75,-4965.75
buy,658,28,133.0,37.43,-4998.17
buy,659,28,130.0,38.21,-4987.88
sell,773,28,1222.0,45.27,55301.91
buy,998,28,250.0,19.90,-4993.91
buy,999,28,972.0,5.12,-4994.89
sell,151,29,33,107.46,3526.10
buy,189,29,51.0,96.24,-4928.16
buy,190,29,52.0,94.90,-4954.65
sell,200,29,103.0,103.58,10649.02
buy,414,29,33.0,149.10,-4940.21
buy,415,29,32.0,151.13,-4856.26
buy,449,29,32.0,153.18,-4921.88
buy,450,29,32.0,152.86,-4911.54
sell,460,29,129.0,167.59,21599.43
buy,490,29,33.0,147.48,-4886.86
buy,491,29,35.0,142.15,-4995.25
buy,517,29,63.0,77.93,-4929.54
buy,518,29,62.0,79.56,-4952.96
buy,519,29,63.0,77.82,-4922.35
buy,520,29,64.0,76.75,-4931.89
buy,521,29,66.0,75.24,-4985.77
buy,522,29,66.0,74.85,-4960.40
buy,523,29,67.0,74.14,-4987.50
buy,524,29,67.0,73.45,-4940.89
buy,525,29,72.0,68.46,-4949.35
buy,526,29,75.0,65.78,-4953.36
buy,527,29,74.0,66.50,-4940.87
buy,528,29,75.0,65.86,-4959.83
buy,529,29,73.0,67.77,-4967.13
buy,556,29,82.0,60.44,-4975.85
buy,557,29,82.0,60.67,-4995.07
buy,558,29,80.0,61.58,-4946.36
buy,559,29,80.0,61.67,-4953.28
buy,560,29,81.0,60.78,-4943.54
buy,561,29,81.0,60.74,-4940.18
sell,706,29,1441.0,76.56,110296.67
buy,791,29,67.0,73.92,-4972.70
buy,792,29,75.0,66.33,-4994.51
buy,793,29,84.0,59.13,-4987.04
buy,794,29,83.0,59.69,-4973.89
buy,795,29,83.0,59.94,-4994.86
buy,796,29,83.0,59.38,-4948.92
buy,797,29,84.0,58.78,-4957.51
buy,866,29,171.0,29.12,-4999.09
buy,867,29,168.0,29.63,-4997.16
buy,868,29,165.0,30.03,-4974.54
sell,1824,1,132.0,112.83,14873.78
sell,1824,3,97.0,299.88,29068.42
sell,1824,5,3251.0,19.85,64510.87
sell,1824,10,1364.0,22.27,30359.61
sell,1824,13,404.0,112.14,45286.37
sell,1824,15,289.0,84.17,24303.82
sell,1824,17,22.0,230.05,5041.06
sell,1824,19,26.0,200.77,5199.95
sell,1824,21,10.0,469.60,4676.04
sell,1824,24,152.0,184.09,27961.02
sell,1824,26,119.0,264.24,31424.35
sell,1824,27,203.0,188.43,38231.07
